cycle 5 Stir_pump_PWM 30
Cycle Start_time_Day Start_time_Hour 
1 2023-02-02 14:20:00 30 30
2 2023-02-02 15:00:00 30 30
3 2023-02-02 15:40:00 30 30
4 2023-02-02 16:20:00 30 30
5 2023-02-02 14:10:00 30 30

No_Count Cycle Cycle_Count Measure_time_Day Measure_time_Hour Oxyzen_value_1 Oxyzen_value_2 Temp_value_1 Temp_value_2 THL_FLX THL_Temp Stir_pump_working Fill_pump_working
1 1 1 2023-02-02 14:19:59 230.48 263.85 24.41 20.12 53.3 22.5 1 0
2 1 2 2023-02-02 14:20:21 230.99 261.8 24.38 20.15 70.0 22.5 1 0
3 1 3 2023-02-02 14:20:40 231.05 261.08 24.38 20.17 76.6 22.5 1 0
4 1 4 2023-02-02 14:20:59 230.92 260.99 24.38 20.2 66.6 22.5 1 0
5 1 5 2023-02-02 14:21:21 231.01 260.46 24.38 20.23 16.6 22.5 1 0
6 1 6 2023-02-02 14:21:41 231.4 260.78 24.38 20.23 70.0 22.5 1 0
7 1 7 2023-02-02 14:22:01 231.69 260.72 24.35 20.25 70.0 22.5 1 0
8 1 8 2023-02-02 14:22:21 231.23 260.77 24.35 20.25 63.3 22.5 1 0
9 1 9 2023-02-02 14:22:40 231.3 260.73 24.35 20.28 63.3 22.5 1 0
10 1 10 2023-02-02 14:23:01 231.3 260.87 24.35 20.28 36.6 22.5 1 0
11 1 11 2023-02-02 14:23:21 231.26 260.57 24.35 20.3 76.6 22.5 1 0
12 1 12 2023-02-02 14:23:41 231.43 261.2 24.35 20.3 73.3 22.5 1 0
13 1 13 2023-02-02 14:24:01 231.57 260.92 24.32 20.33 59.9 22.5 1 0
14 1 14 2023-02-02 14:24:20 231.17 260.75 24.32 20.33 70.0 22.5 1 0
15 1 15 2023-02-02 14:24:40 231.33 261.22 24.32 20.35 76.6 22.5 1 0
16 1 16 2023-02-02 14:25:01 231.79 261.1 24.29 20.35 73.3 22.5 1 0
17 1 17 2023-02-02 14:25:21 231.5 261.16 24.32 20.38 73.3 22.5 1 0
18 1 18 2023-02-02 14:25:41 231.43 260.96 24.32 20.38 66.6 22.5 1 0
19 1 19 2023-02-02 14:26:01 231.92 260.78 24.29 20.41 56.6 22.5 1 0
20 1 20 2023-02-02 14:26:20 231.59 260.86 24.29 20.43 53.3 22.5 1 0
21 1 21 2023-02-02 14:26:41 231.53 260.93 24.29 20.43 73.3 22.5 1 0
22 1 22 2023-02-02 14:27:01 231.85 260.92 24.29 20.46 46.6 22.5 1 0
23 1 23 2023-02-02 14:27:21 232.06 260.85 24.26 20.48 73.3 22.5 1 0
24 1 24 2023-02-02 14:27:41 231.69 261.19 24.26 20.46 70.0 22.5 1 0
25 1 25 2023-02-02 14:28:00 231.84 261.17 24.26 20.48 70.0 22.5 1 0
26 1 26 2023-02-02 14:28:21 231.75 261.54 24.26 20.48 63.3 22.5 1 0
27 1 27 2023-02-02 14:28:41 232.23 261.03 24.26 20.51 63.3 22.5 1 0
28 1 28 2023-02-02 14:29:01 232.21 261.04 24.24 20.53 59.9 22.5 1 0
29 1 29 2023-02-02 14:29:21 231.89 261.17 24.24 20.53 56.6 22.5 1 0
30 1 30 2023-02-02 14:29:41 231.95 261.09 24.24 20.53 76.6 22.5 1 0
31 1 31 2023-02-02 14:30:01 232.02 261.25 24.24 20.56 73.3 22.5 1 0
32 1 32 2023-02-02 14:30:21 231.82 260.96 24.24 20.56 76.6 22.5 1 0
33 1 33 2023-02-02 14:30:41 232.09 260.89 24.21 20.59 56.6 22.5 1 0
34 1 34 2023-02-02 14:31:01 232.13 260.96 24.21 20.59 56.6 22.5 1 0
35 1 35 2023-02-02 14:31:21 232.15 261.11 24.21 20.59 73.3 22.4 1 0
36 1 36 2023-02-02 14:31:41 232.15 260.95 24.21 20.61 76.6 22.5 1 0
37 1 37 2023-02-02 14:32:01 232.5 260.67 24.21 20.64 56.6 22.4 1 0
38 1 38 2023-02-02 14:32:21 232.29 260.93 24.21 20.64 70.0 22.5 1 0
39 1 39 2023-02-02 14:32:41 232.23 260.9 24.18 20.66 49.9 22.5 1 0
40 1 40 2023-02-02 14:33:01 231.89 260.7 24.21 20.66 66.6 22.5 1 0
41 1 41 2023-02-02 14:33:22 232.07 260.34 24.18 20.69 63.3 22.5 1 0
42 1 42 2023-02-02 14:33:41 232.44 260.44 24.18 20.69 36.6 22.4 1 0
43 1 43 2023-02-02 14:34:01 232.05 260.06 24.18 20.72 53.3 22.4 1 0
44 1 44 2023-02-02 14:34:21 232.31 260.4 24.18 20.72 70.0 22.5 1 0
45 1 45 2023-02-02 14:34:41 232.27 260.39 24.18 20.74 70.0 22.5 1 0
46 1 46 2023-02-02 14:35:02 232.6 260.36 24.18 20.74 76.6 22.4 1 0
47 1 47 2023-02-02 14:35:21 232.36 260.26 24.15 20.74 63.3 22.5 1 0
48 1 48 2023-02-02 14:35:41 232.45 260.3 24.15 20.77 66.6 22.4 1 0
49 1 49 2023-02-02 14:36:01 232.17 260.3 24.15 20.77 66.6 22.4 1 0
50 1 50 2023-02-02 14:36:21 232.43 259.8 24.15 20.79 59.9 22.4 1 0
51 1 51 2023-02-02 14:36:42 232.12 260.21 24.15 20.79 59.9 22.5 1 0
52 1 52 2023-02-02 14:37:02 232.52 260.02 24.15 20.82 63.3 22.4 1 0
53 1 53 2023-02-02 14:37:21 232.19 260.3 24.15 20.85 63.3 22.4 1 0
54 1 54 2023-02-02 14:37:41 232.04 260.15 24.15 20.85 73.3 22.4 1 0
55 1 55 2023-02-02 14:38:01 232.3 260.31 24.15 20.87 59.9 22.4 1 0
56 1 56 2023-02-02 14:38:22 232.3 259.64 24.15 20.9 66.6 22.5 1 0
57 1 57 2023-02-02 14:38:42 232.34 260.12 24.15 20.9 66.6 22.4 1 0
58 1 58 2023-02-02 14:39:01 232.04 259.77 24.15 20.93 70.0 22.4 1 0
59 1 59 2023-02-02 14:39:21 232.3 260.97 24.15 20.95 36.6 22.4 1 0
60 1 60 2023-02-02 14:39:41 231.99 261.64 24.18 20.95 73.3 22.4 1 0
61 1 61 2023-02-02 14:40:02 231.86 260.15 24.18 20.98 70.0 22.4 1 0
62 1 62 2023-02-02 14:40:22 232.31 260.06 24.18 21.0 59.9 22.4 1 0
63 1 63 2023-02-02 14:40:42 231.94 259.9 24.18 21.03 66.6 22.4 1 0
64 1 64 2023-02-02 14:41:01 231.76 259.96 24.21 21.06 66.6 22.4 1 0
65 1 65 2023-02-02 14:41:21 231.87 259.5 24.21 21.08 66.6 22.4 1 0
66 1 66 2023-02-02 14:41:42 232.0 259.63 24.21 21.11 59.9 22.5 1 0
67 1 67 2023-02-02 14:42:02 231.82 259.23 24.24 21.13 76.6 22.4 1 0
68 1 68 2023-02-02 14:42:22 231.63 259.07 24.24 21.16 63.3 22.4 1 0
69 1 69 2023-02-02 14:42:41 231.56 258.71 24.26 21.19 76.6 22.4 1 0
70 1 70 2023-02-02 14:43:01 231.73 258.55 24.26 21.21 73.3 22.4 1 0
71 1 71 2023-02-02 14:43:22 231.71 258.29 24.26 21.24 59.9 22.4 1 0
72 1 72 2023-02-02 14:43:42 230.96 258.47 24.29 21.27 66.6 22.5 1 0
73 1 73 2023-02-02 14:44:02 231.18 258.44 24.29 21.27 53.3 22.4 1 0
74 1 74 2023-02-02 14:44:21 231.02 258.43 24.32 21.29 73.3 22.4 1 0
75 1 75 2023-02-02 14:44:41 230.92 257.93 24.32 21.32 59.9 22.4 1 0
76 1 76 2023-02-02 14:45:02 230.78 257.72 24.35 21.35 63.3 22.5 1 0
77 1 77 2023-02-02 14:45:22 231.04 257.75 24.35 21.37 66.6 22.5 1 0
78 1 78 2023-02-02 14:45:42 231.08 257.34 24.35 21.4 63.3 22.4 1 0
79 1 79 2023-02-02 14:46:01 230.86 257.44 24.38 21.4 16.6 22.4 1 0
80 1 80 2023-02-02 14:46:21 230.95 257.04 24.38 21.43 80.0 22.5 1 0
81 1 81 2023-02-02 14:46:32 231.27 257.07 24.38 21.45 53.3 22.4 1 0
82 1 82 2023-02-02 14:46:52 230.38 257.38 24.41 21.45 76.6 22.4 1 0
83 1 83 2023-02-02 14:47:11 230.92 257.17 24.41 21.48 66.6 22.5 1 0
84 1 84 2023-02-02 14:47:32 230.77 257.11 24.41 21.5 70.0 22.5 1 0
85 1 85 2023-02-02 14:47:52 230.74 256.73 24.44 21.53 63.3 22.4 1 0
86 1 86 2023-02-02 14:48:12 230.89 256.61 24.44 21.53 59.9 22.5 1 0
87 1 87 2023-02-02 14:48:32 230.26 256.62 24.44 21.56 56.6 22.5 1 0
88 1 88 2023-02-02 14:48:51 230.82 257.44 24.44 21.56 66.6 22.5 1 0
89 1 89 2023-02-02 14:49:12 230.54 258.61 24.44 21.58 63.3 22.5 1 0
90 1 90 2023-02-02 14:49:32 230.67 259.22 24.44 21.58 66.6 22.4 1 0
91 1 91 2023-02-02 14:49:52 230.38 259.86 24.46 21.58 76.6 22.4 1 1
92 1 92 2023-02-02 14:50:12 230.76 260.24 24.44 21.56 66.6 22.5 1 1
93 1 93 2023-02-02 14:50:32 230.67 260.15 24.46 21.5 33.3 22.5 1 1
94 1 94 2023-02-02 14:50:52 230.49 260.21 24.46 21.45 66.6 22.5 1 1
95 1 95 2023-02-02 14:51:12 230.73 260.22 24.46 21.4 63.3 22.5 1 1
96 1 96 2023-02-02 14:51:32 230.91 260.98 24.44 21.32 36.6 22.5 1 1
97 1 97 2023-02-02 14:51:52 230.47 261.32 24.46 21.24 66.6 22.5 1 1
98 1 98 2023-02-02 14:52:12 230.8 261.52 24.44 21.19 59.9 22.5 1 1
99 1 99 2023-02-02 14:52:32 230.63 262.05 24.44 21.13 63.3 22.5 1 1
100 1 100 2023-02-02 14:52:51 230.58 262.24 24.46 21.06 36.6 22.5 1 1
101 1 101 2023-02-02 14:53:12 230.47 262.17 24.46 21.0 66.6 22.5 1 1
102 1 102 2023-02-02 14:53:32 230.78 262.4 24.44 20.95 76.6 22.6 1 1
103 1 103 2023-02-02 14:53:52 230.74 262.34 24.44 20.93 70.0 22.5 1 1
104 1 104 2023-02-02 14:54:13 230.76 262.54 24.44 20.87 16.6 22.5 1 1
105 1 105 2023-02-02 14:54:32 230.8 262.82 24.44 20.82 63.3 22.5 1 1
106 1 106 2023-02-02 14:54:52 230.76 263.21 24.44 20.79 66.6 22.6 1 1
107 1 107 2023-02-02 14:55:12 230.91 263.29 24.44 20.74 66.6 22.5 1 1
108 1 108 2023-02-02 14:55:32 231.0 263.45 24.44 20.72 56.6 22.6 1 1
109 1 109 2023-02-02 14:55:53 230.72 263.29 24.44 20.69 59.9 22.6 1 1
110 1 110 2023-02-02 14:56:12 230.56 263.71 24.44 20.64 70.0 22.5 1 1
111 1 111 2023-02-02 14:56:32 230.9 264.03 24.41 20.61 53.3 22.5 1 1
112 1 112 2023-02-02 14:56:52 231.07 264.03 24.41 20.61 73.3 22.6 1 1
113 1 113 2023-02-02 14:57:12 230.83 264.36 24.41 20.59 70.0 22.6 1 1
114 1 114 2023-02-02 14:57:33 231.39 264.43 24.41 20.56 13.3 22.6 1 1
115 1 115 2023-02-02 14:57:53 231.14 264.35 24.38 20.56 63.3 22.6 1 1
116 1 116 2023-02-02 14:58:12 231.38 264.91 24.38 20.53 59.9 22.5 1 1
117 1 117 2023-02-02 14:58:32 231.27 264.43 24.38 20.51 59.9 22.5 1 1
118 1 118 2023-02-02 14:58:52 231.14 264.84 24.38 20.48 76.6 22.6 1 1
119 1 119 2023-02-02 14:59:13 231.25 265.07 24.38 20.48 36.6 22.6 1 1
120 1 120 2023-02-02 14:59:33 231.05 261.45 24.38 20.46 70.0 22.5 1 0
121 1 121 2023-02-02 14:59:52 231.34 260.15 24.38 20.48 66.6 22.5 1 0
122 2 1 2023-02-02 15:00:13 231.25 260.15 24.38 20.48 53.3 22.5 1 0
123 2 2 2023-02-02 15:00:32 231.36 259.6 24.35 20.51 56.6 22.5 1 0
124 2 3 2023-02-02 15:00:52 231.29 259.5 24.38 20.51 70.0 22.5 1 0
125 2 4 2023-02-02 15:01:13 231.04 259.29 24.35 20.53 73.3 22.6 1 0
126 2 5 2023-02-02 15:01:33 231.45 259.61 24.35 20.53 63.3 22.6 1 0
127 2 6 2023-02-02 15:01:52 231.41 259.32 24.35 20.56 70.0 22.6 1 0
128 2 7 2023-02-02 15:02:12 231.28 259.23 24.35 20.56 53.3 22.6 1 0
129 2 8 2023-02-02 15:02:32 231.87 259.2 24.32 20.56 73.3 22.5 1 0
130 2 9 2023-02-02 15:02:53 231.46 259.47 24.32 20.56 70.0 22.5 1 0
131 2 10 2023-02-02 15:03:13 231.54 259.31 24.32 20.59 63.3 22.5 1 0
132 2 11 2023-02-02 15:03:33 231.67 259.54 24.32 20.61 80.0 22.5 1 0
133 2 12 2023-02-02 15:03:52 231.35 259.27 24.32 20.61 53.3 22.5 1 0
134 2 13 2023-02-02 15:04:12 231.83 259.63 24.29 20.61 66.6 22.6 1 0
135 2 14 2023-02-02 15:04:33 231.53 259.35 24.29 20.64 73.3 22.6 1 0
136 2 15 2023-02-02 15:04:53 231.92 259.81 24.29 20.64 36.6 22.5 1 0
137 2 16 2023-02-02 15:05:13 231.99 259.81 24.26 20.64 66.6 22.5 1 0
138 2 17 2023-02-02 15:05:32 231.75 259.77 24.26 20.66 80.0 22.5 1 0
139 2 18 2023-02-02 15:05:52 231.99 260.04 24.26 20.66 73.3 22.5 1 0
140 2 19 2023-02-02 15:06:13 231.97 259.49 24.26 20.69 76.6 22.5 1 0
141 2 20 2023-02-02 15:06:33 231.82 259.71 24.26 20.69 66.6 22.5 1 0
142 2 21 2023-02-02 15:06:53 231.95 258.99 24.26 20.72 70.0 22.5 1 0
143 2 22 2023-02-02 15:07:12 231.86 259.33 24.26 20.72 63.3 22.5 1 0
144 2 23 2023-02-02 15:07:33 232.11 259.27 24.24 20.74 80.0 22.5 1 0
145 2 24 2023-02-02 15:07:53 231.71 259.34 24.24 20.74 56.6 22.5 1 0
146 2 25 2023-02-02 15:08:13 232.18 259.24 24.21 20.74 59.9 22.5 1 0
147 2 26 2023-02-02 15:08:33 232.0 259.25 24.24 20.77 70.0 22.5 1 0
148 2 27 2023-02-02 15:08:52 232.29 259.41 24.21 20.79 63.3 22.5 1 0
149 2 28 2023-02-02 15:09:13 232.24 259.31 24.24 20.79 73.3 22.5 1 0
150 2 29 2023-02-02 15:09:33 231.87 259.6 24.21 20.79 70.0 22.5 1 0
151 2 30 2023-02-02 15:09:53 232.15 259.37 24.21 20.82 56.6 22.5 1 0
152 2 31 2023-02-02 15:10:13 232.09 259.42 24.21 20.82 66.6 22.5 1 0
153 2 32 2023-02-02 15:10:32 232.2 259.73 24.18 20.82 76.6 22.5 1 0
154 2 33 2023-02-02 15:10:53 231.88 259.9 24.18 20.82 56.6 22.5 1 0
155 2 34 2023-02-02 15:11:13 232.31 259.72 24.18 20.85 66.6 22.5 1 0
156 2 35 2023-02-02 15:11:33 232.64 259.68 24.18 20.87 76.6 22.5 1 0
157 2 36 2023-02-02 15:11:53 232.23 259.82 24.18 20.87 36.6 22.5 1 0
158 2 37 2023-02-02 15:12:13 232.52 259.55 24.15 20.87 53.3 22.5 1 0
159 2 38 2023-02-02 15:12:33 232.45 259.69 24.15 20.9 59.9 22.5 1 0
160 2 39 2023-02-02 15:12:53 232.29 259.34 24.18 20.9 73.3 22.4 1 0
161 2 40 2023-02-02 15:13:13 232.54 259.57 24.15 20.93 43.3 22.5 1 0
162 2 41 2023-02-02 15:13:33 232.03 259.65 24.18 20.93 73.3 22.5 1 0
163 2 42 2023-02-02 15:13:53 231.81 259.84 24.18 20.93 66.6 22.5 1 0
164 2 43 2023-02-02 15:14:13 232.16 259.41 24.18 20.95 66.6 22.5 1 0
165 2 44 2023-02-02 15:14:33 232.27 259.64 24.18 20.98 66.6 22.5 1 0
166 2 45 2023-02-02 15:14:53 232.05 259.62 24.21 21.0 56.6 22.5 1 0
167 2 46 2023-02-02 15:15:13 231.94 259.46 24.21 21.03 66.6 22.5 1 0
168 2 47 2023-02-02 15:15:33 231.8 259.95 24.24 21.03 53.3 22.5 1 0
169 2 48 2023-02-02 15:15:54 231.82 259.26 24.24 21.08 80.0 22.5 1 0
170 2 49 2023-02-02 15:16:13 231.8 259.67 24.24 21.08 59.9 22.5 1 0
171 2 50 2023-02-02 15:16:33 231.2 259.12 24.29 21.11 66.6 22.5 1 0
172 2 51 2023-02-02 15:16:53 231.09 258.82 24.29 21.16 53.3 22.5 1 0
173 2 52 2023-02-02 15:17:13 231.53 258.9 24.29 21.16 33.3 22.5 1 0
174 2 53 2023-02-02 15:17:34 231.09 258.61 24.32 21.19 53.3 22.5 1 0
175 2 54 2023-02-02 15:17:54 231.2 258.65 24.32 21.21 80.0 22.5 1 0
176 2 55 2023-02-02 15:18:13 231.07 258.43 24.32 21.24 66.6 22.5 1 0
177 2 56 2023-02-02 15:18:32 231.11 258.85 24.32 21.24 63.3 22.5 1 0
178 2 57 2023-02-02 15:18:53 231.06 258.52 24.35 21.27 53.3 22.5 1 0
179 2 58 2023-02-02 15:19:13 230.97 258.55 24.35 21.29 63.3 22.5 1 0
180 2 59 2023-02-02 15:19:34 230.79 258.22 24.38 21.32 70.0 22.5 1 0
181 2 60 2023-02-02 15:19:53 231.1 258.27 24.38 21.35 63.3 22.5 1 0
182 2 61 2023-02-02 15:20:13 231.05 257.94 24.38 21.37 59.9 22.5 1 0
183 2 62 2023-02-02 15:20:33 230.61 257.63 24.41 21.4 59.9 22.5 1 0
184 2 63 2023-02-02 15:20:53 230.51 257.5 24.41 21.43 76.6 22.6 1 0
185 2 64 2023-02-02 15:21:14 230.5 257.38 24.44 21.45 63.3 22.5 1 0
186 2 65 2023-02-02 15:21:34 230.65 257.43 24.44 21.45 63.3 22.6 1 0
187 2 66 2023-02-02 15:21:53 230.37 256.84 24.44 21.5 73.3 22.5 1 0
188 2 67 2023-02-02 15:22:13 230.43 256.75 24.46 21.53 36.6 22.6 1 0
189 2 68 2023-02-02 15:22:33 230.13 257.07 24.46 21.53 56.6 22.6 1 0
190 2 69 2023-02-02 15:22:54 230.12 256.79 24.49 21.56 70.0 22.6 1 0
191 2 70 2023-02-02 15:23:14 230.4 256.74 24.49 21.58 56.6 22.6 1 0
192 2 71 2023-02-02 15:23:33 230.36 256.32 24.49 21.61 70.0 22.6 1 0
193 2 72 2023-02-02 15:23:53 230.18 256.23 24.52 21.64 66.6 22.5 1 0
194 2 73 2023-02-02 15:24:13 229.93 256.45 24.55 21.64 80.0 22.6 1 0
195 2 74 2023-02-02 15:24:34 229.95 255.79 24.55 21.69 36.6 22.6 1 0
196 2 75 2023-02-02 15:24:54 229.85 256.05 24.55 21.69 56.6 22.6 1 0
197 2 76 2023-02-02 15:25:14 229.91 256.11 24.55 21.72 76.6 22.7 1 0
198 2 77 2023-02-02 15:25:33 229.69 255.84 24.58 21.72 73.3 22.6 1 0
199 2 78 2023-02-02 15:25:53 229.9 255.63 24.58 21.74 73.3 22.7 1 0
200 2 79 2023-02-02 15:26:14 229.67 255.56 24.58 21.74 53.3 22.6 1 0
201 2 80 2023-02-02 15:26:34 229.93 255.78 24.58 21.77 59.9 22.7 1 0
202 2 81 2023-02-02 15:26:54 230.12 255.52 24.58 21.77 73.3 22.7 1 0
203 2 82 2023-02-02 15:27:13 229.68 255.54 24.61 21.77 80.0 22.6 1 0
204 2 83 2023-02-02 15:27:33 230.1 255.33 24.58 21.8 59.9 22.6 1 0
205 2 84 2023-02-02 15:27:54 229.83 255.81 24.61 21.8 66.6 22.7 1 0
206 2 85 2023-02-02 15:28:14 230.49 255.72 24.58 21.8 70.0 22.7 1 0
207 2 86 2023-02-02 15:28:34 229.7 255.76 24.61 21.8 53.3 22.7 1 0
208 2 87 2023-02-02 15:28:54 229.87 255.68 24.61 21.82 56.6 22.7 1 0
209 2 88 2023-02-02 15:29:13 229.62 255.65 24.61 21.82 66.6 22.7 1 0
210 2 89 2023-02-02 15:29:34 230.18 255.84 24.58 21.82 73.3 22.7 1 0
211 2 90 2023-02-02 15:29:54 230.25 257.86 24.58 21.85 66.6 22.7 1 1
212 2 91 2023-02-02 15:30:14 230.1 258.14 24.58 21.8 73.3 22.7 1 1
213 2 92 2023-02-02 15:30:34 229.95 258.61 24.58 21.74 66.6 22.7 1 1
214 2 93 2023-02-02 15:30:53 230.12 258.98 24.58 21.66 49.9 22.7 1 1
215 2 94 2023-02-02 15:31:13 230.03 259.25 24.58 21.61 73.3 22.7 1 1
216 2 95 2023-02-02 15:31:34 229.97 259.45 24.58 21.53 73.3 22.7 1 1
217 2 96 2023-02-02 15:31:54 230.05 260.06 24.58 21.45 70.0 22.7 1 1
218 2 97 2023-02-02 15:32:14 230.08 259.97 24.55 21.4 16.6 22.7 1 1
219 2 98 2023-02-02 15:32:34 230.45 260.03 24.55 21.35 73.3 22.7 1 1
220 2 99 2023-02-02 15:32:53 230.54 260.15 24.55 21.27 66.6 22.7 1 1
221 2 100 2023-02-02 15:33:14 230.43 260.72 24.55 21.21 59.9 22.7 1 1
222 2 101 2023-02-02 15:33:34 230.15 261.0 24.55 21.16 76.6 22.7 1 1
223 2 102 2023-02-02 15:33:54 230.23 261.5 24.55 21.11 56.6 22.8 1 1
224 2 103 2023-02-02 15:34:14 230.22 261.75 24.52 21.06 66.6 22.7 1 1
225 2 104 2023-02-02 15:34:34 230.63 261.74 24.52 21.03 66.6 22.7 1 1
226 2 105 2023-02-02 15:34:54 230.63 261.72 24.52 20.98 73.3 22.7 1 1
227 2 106 2023-02-02 15:35:14 230.41 262.32 24.52 20.93 66.6 22.8 1 1
228 2 107 2023-02-02 15:35:34 230.48 262.63 24.52 20.9 70.0 22.7 1 1
229 2 108 2023-02-02 15:35:54 230.94 262.62 24.49 20.87 63.3 22.7 1 1
230 2 109 2023-02-02 15:36:14 230.68 262.73 24.49 20.85 56.6 22.7 1 1
231 2 110 2023-02-02 15:36:34 230.83 263.08 24.49 20.79 70.0 22.7 1 1
232 2 111 2023-02-02 15:36:54 230.55 262.98 24.49 20.79 66.6 22.7 1 1
233 2 112 2023-02-02 15:37:14 230.88 263.36 24.49 20.74 76.6 22.7 1 1
234 2 113 2023-02-02 15:37:34 230.64 263.26 24.46 20.74 76.6 22.7 1 1
235 2 114 2023-02-02 15:37:54 231.06 263.3 24.46 20.72 33.3 22.7 1 1
236 2 115 2023-02-02 15:38:15 230.73 263.22 24.46 20.69 80.0 22.7 1 1
237 2 116 2023-02-02 15:38:34 230.56 263.63 24.46 20.66 59.9 22.8 1 1
238 2 117 2023-02-02 15:38:54 230.69 263.94 24.46 20.64 53.3 22.8 1 1
239 2 118 2023-02-02 15:39:14 230.75 263.96 24.46 20.64 66.6 22.7 1 1
240 2 119 2023-02-02 15:39:34 231.17 260.56 24.44 20.61 63.3 22.7 1 0
241 2 120 2023-02-02 15:39:55 230.8 259.62 24.46 20.64 56.6 22.7 1 0
242 3 1 2023-02-02 15:40:15 230.95 258.97 24.44 20.66 70.0 22.7 1 0
243 3 2 2023-02-02 15:40:34 231.19 259.05 24.44 20.66 56.6 22.7 1 0
244 3 3 2023-02-02 15:40:54 230.87 258.74 24.41 20.69 70.0 22.7 1 0
245 3 4 2023-02-02 15:41:14 230.98 258.14 24.44 20.72 76.6 22.7 1 0
246 3 5 2023-02-02 15:41:35 231.13 258.43 24.41 20.72 63.3 22.7 1 0
247 3 6 2023-02-02 15:41:54 230.94 258.58 24.41 20.72 56.6 22.7 1 0
248 3 7 2023-02-02 15:42:14 231.18 258.72 24.41 20.72 59.9 22.7 1 0
249 3 8 2023-02-02 15:42:34 231.26 258.3 24.41 20.74 66.6 22.7 1 0
250 3 9 2023-02-02 15:42:54 231.18 258.49 24.38 20.74 70.0 22.7 1 0
251 3 10 2023-02-02 15:43:15 231.31 258.48 24.38 20.77 66.6 22.7 1 0
252 3 11 2023-02-02 15:43:35 231.31 258.38 24.38 20.77 70.0 22.7 1 0
253 3 12 2023-02-02 15:43:54 231.21 258.86 24.38 20.77 70.0 22.7 1 0
254 3 13 2023-02-02 15:44:14 231.54 258.68 24.35 20.79 59.9 22.7 1 0
255 3 14 2023-02-02 15:44:34 231.36 258.61 24.35 20.79 66.6 22.7 1 0
256 3 15 2023-02-02 15:44:55 231.14 258.75 24.38 20.79 36.6 22.7 1 0
257 3 16 2023-02-02 15:45:15 231.52 258.45 24.35 20.82 63.3 22.7 1 0
258 3 17 2023-02-02 15:45:34 231.43 259.03 24.35 20.82 66.6 22.7 1 0
259 3 18 2023-02-02 15:45:54 231.45 258.72 24.35 20.85 59.9 22.7 1 0
260 3 19 2023-02-02 15:46:14 231.8 258.94 24.32 20.85 63.3 22.7 1 0
261 3 20 2023-02-02 15:46:35 231.54 258.91 24.32 20.85 70.0 22.7 1 0
262 3 21 2023-02-02 15:46:55 231.91 258.95 24.32 20.87 53.3 22.6 1 0
263 3 22 2023-02-02 15:47:15 231.67 259.07 24.32 20.87 70.0 22.7 1 0
264 3 23 2023-02-02 15:47:34 231.48 258.5 24.32 20.9 76.6 22.7 1 0
265 3 24 2023-02-02 15:47:54 231.85 258.74 24.29 20.9 80.0 22.7 1 0
266 3 25 2023-02-02 15:48:15 231.79 258.83 24.29 20.9 63.3 22.7 1 0
267 3 26 2023-02-02 15:48:35 231.7 258.98 24.29 20.9 66.6 22.6 1 0
268 3 27 2023-02-02 15:48:55 231.61 258.87 24.29 20.93 36.6 22.7 1 0
269 3 28 2023-02-02 15:49:14 231.55 259.09 24.29 20.93 16.6 22.6 1 0
270 3 29 2023-02-02 15:49:34 231.79 258.73 24.29 20.95 66.6 22.7 1 0
271 3 30 2023-02-02 15:49:55 231.88 258.97 24.26 20.95 76.6 22.7 1 0
272 3 31 2023-02-02 15:50:15 231.73 259.12 24.26 20.95 70.0 22.6 1 0
273 3 32 2023-02-02 15:50:35 232.01 258.74 24.26 20.98 73.3 22.6 1 0
274 3 33 2023-02-02 15:50:55 231.53 258.64 24.29 20.98 53.3 22.6 1 0
275 3 34 2023-02-02 15:51:14 231.35 258.68 24.29 21.03 63.3 22.6 1 0
276 3 35 2023-02-02 15:51:35 231.88 258.28 24.29 21.06 76.6 22.6 1 0
277 3 36 2023-02-02 15:51:55 231.72 258.28 24.29 21.06 53.3 22.6 1 0
278 3 37 2023-02-02 15:52:15 231.53 258.12 24.29 21.08 63.3 22.6 1 0
279 3 38 2023-02-02 15:52:35 231.61 258.37 24.29 21.11 70.0 22.6 1 0
280 3 39 2023-02-02 15:52:54 231.41 258.35 24.32 21.11 66.6 22.6 1 0
281 3 40 2023-02-02 15:53:15 231.7 258.35 24.29 21.13 70.0 22.6 1 0
282 3 41 2023-02-02 15:53:35 231.65 258.12 24.32 21.16 76.6 22.6 1 0
283 3 42 2023-02-02 15:53:55 231.22 257.62 24.32 21.19 59.9 22.6 1 0
284 3 43 2023-02-02 15:54:15 231.48 257.63 24.32 21.21 59.9 22.6 1 0
285 3 44 2023-02-02 15:54:35 231.02 257.76 24.35 21.24 53.3 22.6 1 0
286 3 45 2023-02-02 15:54:54 231.28 257.38 24.35 21.27 80.0 22.6 1 0
287 3 46 2023-02-02 15:55:15 231.27 257.47 24.38 21.27 66.6 22.7 1 0
288 3 47 2023-02-02 15:55:35 231.03 257.29 24.38 21.29 59.9 22.6 1 0
289 3 48 2023-02-02 15:55:55 230.86 257.25 24.38 21.32 80.0 22.6 1 0
290 3 49 2023-02-02 15:56:15 231.07 257.09 24.41 21.35 63.3 22.6 1 0
291 3 50 2023-02-02 15:56:34 230.9 256.95 24.41 21.37 70.0 22.6 1 0
292 3 51 2023-02-02 15:56:55 230.96 256.64 24.41 21.4 70.0 22.6 1 0
293 3 52 2023-02-02 15:57:15 231.0 256.68 24.44 21.43 80.0 22.6 1 0
294 3 53 2023-02-02 15:57:35 230.98 256.76 24.44 21.45 46.6 22.7 1 0
295 3 54 2023-02-02 15:57:55 230.62 256.47 24.46 21.48 76.6 22.6 1 0
296 3 55 2023-02-02 15:58:15 230.88 256.05 24.46 21.5 56.6 22.6 1 0
297 3 56 2023-02-02 15:58:35 230.62 256.22 24.46 21.53 80.0 22.7 1 0
298 3 57 2023-02-02 15:58:55 230.42 255.89 24.49 21.56 70.0 22.6 1 0
299 3 58 2023-02-02 15:59:15 230.36 255.8 24.49 21.58 80.0 22.7 1 0
300 3 59 2023-02-02 15:59:35 230.62 255.49 24.49 21.58 76.6 22.7 1 0
301 3 60 2023-02-02 15:59:45 230.46 255.72 24.52 21.61 59.9 22.7 1 0
302 3 61 2023-02-02 16:00:05 230.35 255.64 24.52 21.61 56.6 22.7 1 0
303 3 62 2023-02-02 16:00:25 230.26 255.67 24.52 21.64 76.6 22.7 1 0
304 3 63 2023-02-02 16:00:45 230.15 255.54 24.52 21.66 66.6 22.7 1 0
305 3 64 2023-02-02 16:01:06 230.5 255.87 24.52 21.66 73.3 22.7 1 0
306 3 65 2023-02-02 16:01:25 229.98 255.69 24.55 21.69 56.6 22.7 1 0
307 3 66 2023-02-02 16:01:45 230.1 255.35 24.55 21.69 56.6 22.7 1 0
308 3 67 2023-02-02 16:02:05 230.36 255.41 24.55 21.72 76.6 22.7 1 0
309 3 68 2023-02-02 16:02:25 230.43 255.12 24.55 21.72 63.3 22.7 1 0
310 3 69 2023-02-02 16:02:46 230.0 255.5 24.55 21.72 66.6 22.7 1 0
311 3 70 2023-02-02 16:03:05 230.19 255.2 24.55 21.74 70.0 22.7 1 0
312 3 71 2023-02-02 16:03:25 230.1 255.29 24.58 21.74 59.9 22.7 1 0
313 3 72 2023-02-02 16:03:45 230.13 255.13 24.55 21.74 56.6 22.7 1 0
314 3 73 2023-02-02 16:04:05 230.27 255.58 24.58 21.74 70.0 22.7 1 0
315 3 74 2023-02-02 16:04:26 229.93 255.3 24.58 21.77 66.6 22.7 1 0
316 3 75 2023-02-02 16:04:46 230.12 255.13 24.58 21.77 70.0 22.7 1 0
317 3 76 2023-02-02 16:05:05 230.16 255.76 24.58 21.8 63.3 22.7 1 0
318 3 77 2023-02-02 16:05:25 229.97 255.31 24.58 21.8 70.0 22.7 1 0
319 3 78 2023-02-02 16:05:45 230.16 255.28 24.58 21.8 59.9 22.7 1 0
320 3 79 2023-02-02 16:06:06 230.01 255.21 24.58 21.8 66.6 22.7 1 0
321 3 80 2023-02-02 16:06:26 229.93 255.57 24.58 21.8 70.0 22.7 1 0
322 3 81 2023-02-02 16:06:45 229.95 255.64 24.58 21.8 73.3 22.7 1 0
323 3 82 2023-02-02 16:07:05 229.84 255.46 24.58 21.82 73.3 22.8 1 0
324 3 83 2023-02-02 16:07:25 230.3 255.48 24.55 21.82 70.0 22.7 1 0
325 3 84 2023-02-02 16:07:46 229.84 255.39 24.58 21.82 76.6 22.8 1 0
326 3 85 2023-02-02 16:08:06 230.77 255.44 24.55 21.85 63.3 22.8 1 0
327 3 86 2023-02-02 16:08:25 230.21 256.38 24.58 21.85 53.3 22.8 1 0
328 3 87 2023-02-02 16:08:45 230.18 256.02 24.58 21.85 80.0 22.8 1 0
329 3 88 2023-02-02 16:09:05 230.69 256.26 24.55 21.85 73.3 22.8 1 0
330 3 89 2023-02-02 16:09:26 230.54 255.9 24.55 21.85 73.3 22.8 1 0
331 3 90 2023-02-02 16:09:46 230.23 258.49 24.55 21.85 63.3 22.8 1 1

