LED_CHAMBER_2022
DATE: 2023-2-2
TIME: 13:11:44
(START)WAIT_TIME: 10 MIN
LED_RATE: 10
LED_VALUE: 0.0 10.0 20.0 30.0 40.0 50.0 60.0 70.0 80.0 90.0 100
CYCLE_COUNT: 120 CYCLE_MINUTE: 20.0 MINUTE
STIR_PUMP_RATE: 30 ML/MIN

NO LED_RATE NO_CYCLE DATE TIME OXYZEN_VALUE TEMP_VALUE
1 0 1 2023-2-2 13:21:58 256.48 23.49
2 0 2 2023-2-2 13:22:8 256.2 23.52
3 0 3 2023-2-2 13:22:18 256.25 23.52
4 0 4 2023-2-2 13:22:28 256.0 23.55
5 0 5 2023-2-2 13:22:38 256.1 23.55
6 0 6 2023-2-2 13:22:48 256.25 23.55
7 0 7 2023-2-2 13:22:58 256.2 23.55
8 0 8 2023-2-2 13:23:8 256.05 23.55
9 0 9 2023-2-2 13:23:18 255.98 23.55
10 0 10 2023-2-2 13:23:28 256.03 23.52
11 0 11 2023-2-2 13:23:38 256.28 23.52
12 0 12 2023-2-2 13:23:48 256.11 23.52
13 0 13 2023-2-2 13:23:58 256.43 23.49
14 0 14 2023-2-2 13:24:8 256.06 23.52
15 0 15 2023-2-2 13:24:18 256.21 23.49
16 0 16 2023-2-2 13:24:28 256.45 23.49
17 0 17 2023-2-2 13:24:38 256.43 23.49
18 0 18 2023-2-2 13:24:48 256.19 23.49
19 0 19 2023-2-2 13:24:58 256.48 23.49
20 0 20 2023-2-2 13:25:8 256.53 23.47
21 0 21 2023-2-2 13:25:18 256.53 23.47
22 0 22 2023-2-2 13:25:28 256.43 23.47
23 0 23 2023-2-2 13:25:38 256.34 23.47
24 0 24 2023-2-2 13:25:48 256.65 23.47
25 0 25 2023-2-2 13:25:58 256.48 23.47
26 0 26 2023-2-2 13:26:8 256.68 23.44
27 0 27 2023-2-2 13:26:18 256.61 23.44
28 0 28 2023-2-2 13:26:28 256.56 23.44
29 0 29 2023-2-2 13:26:38 256.63 23.44
30 0 30 2023-2-2 13:26:48 256.39 23.44
31 0 31 2023-2-2 13:26:58 256.64 23.41
32 0 32 2023-2-2 13:27:8 256.78 23.41
33 0 33 2023-2-2 13:27:18 256.86 23.41
34 0 34 2023-2-2 13:27:28 256.88 23.41
35 0 35 2023-2-2 13:27:38 256.49 23.41
36 0 36 2023-2-2 13:27:48 256.64 23.41
37 0 37 2023-2-2 13:27:58 256.86 23.38
38 0 38 2023-2-2 13:28:8 256.89 23.38
39 0 39 2023-2-2 13:28:18 257.13 23.38
40 0 40 2023-2-2 13:28:28 256.77 23.38
41 0 41 2023-2-2 13:28:38 257.03 23.38
42 0 42 2023-2-2 13:28:48 256.97 23.35
43 0 43 2023-2-2 13:28:58 257.21 23.35
44 0 44 2023-2-2 13:29:8 256.97 23.35
45 0 45 2023-2-2 13:29:18 257.09 23.35
46 0 46 2023-2-2 13:29:28 256.97 23.35
47 0 47 2023-2-2 13:29:38 256.8 23.35
48 0 48 2023-2-2 13:29:48 256.99 23.35
49 0 49 2023-2-2 13:29:58 257.09 23.35
50 0 50 2023-2-2 13:30:8 256.84 23.35
51 0 51 2023-2-2 13:30:18 257.06 23.35
52 0 52 2023-2-2 13:30:28 256.81 23.38
53 0 53 2023-2-2 13:30:38 256.62 23.38
54 0 54 2023-2-2 13:30:48 256.64 23.38
55 0 55 2023-2-2 13:30:58 256.67 23.38
56 0 56 2023-2-2 13:31:8 256.77 23.38
57 0 57 2023-2-2 13:31:18 256.84 23.38
58 0 58 2023-2-2 13:31:28 256.47 23.41
59 0 59 2023-2-2 13:31:38 256.74 23.41
60 0 60 2023-2-2 13:31:48 256.37 23.41
61 0 61 2023-2-2 13:31:58 256.34 23.44
62 0 62 2023-2-2 13:32:8 256.46 23.44
63 0 63 2023-2-2 13:32:18 256.44 23.44
64 0 64 2023-2-2 13:32:28 256.41 23.44
65 0 65 2023-2-2 13:32:38 256.27 23.44
66 0 66 2023-2-2 13:32:48 255.98 23.44
67 0 67 2023-2-2 13:32:58 256.19 23.47
68 0 68 2023-2-2 13:33:8 255.99 23.49
69 0 69 2023-2-2 13:33:18 255.73 23.49
70 0 70 2023-2-2 13:33:28 255.92 23.49
71 0 71 2023-2-2 13:33:38 255.77 23.49
72 0 72 2023-2-2 13:33:48 255.62 23.52
73 0 73 2023-2-2 13:33:58 255.62 23.52
74 0 74 2023-2-2 13:34:8 255.67 23.55
75 0 75 2023-2-2 13:34:18 255.62 23.55
76 0 76 2023-2-2 13:34:28 255.57 23.55
77 0 77 2023-2-2 13:34:38 255.37 23.58
78 0 78 2023-2-2 13:34:48 255.06 23.58
79 0 79 2023-2-2 13:34:58 255.27 23.58
80 0 80 2023-2-2 13:35:8 255.44 23.58
81 0 81 2023-2-2 13:35:18 255.36 23.61
82 0 82 2023-2-2 13:35:28 255.32 23.61
83 0 83 2023-2-2 13:35:38 254.85 23.63
84 0 84 2023-2-2 13:35:48 254.88 23.63
85 0 85 2023-2-2 13:35:58 255.0 23.63
86 0 86 2023-2-2 13:36:8 254.6 23.66
87 0 87 2023-2-2 13:36:18 254.7 23.66
88 0 88 2023-2-2 13:36:28 254.45 23.69
89 0 89 2023-2-2 13:36:38 254.45 23.69
90 0 90 2023-2-2 13:36:48 254.72 23.69
91 0 91 2023-2-2 13:36:58 254.49 23.72
92 0 92 2023-2-2 13:37:8 254.72 23.69
93 0 93 2023-2-2 13:37:18 254.54 23.72
94 0 94 2023-2-2 13:37:28 254.73 23.72
95 0 95 2023-2-2 13:37:38 254.2 23.75
96 0 96 2023-2-2 13:37:48 254.32 23.75
97 0 97 2023-2-2 13:37:58 254.32 23.75
98 0 98 2023-2-2 13:38:8 254.32 23.75
99 0 99 2023-2-2 13:38:19 253.95 23.78
100 0 100 2023-2-2 13:38:29 254.24 23.78
101 0 101 2023-2-2 13:38:39 254.14 23.78
102 0 102 2023-2-2 13:38:49 254.31 23.78
103 0 103 2023-2-2 13:38:59 254.26 23.78
104 0 104 2023-2-2 13:39:9 253.98 23.78
105 0 105 2023-2-2 13:39:19 254.46 23.78
106 0 106 2023-2-2 13:39:29 254.19 23.78
107 0 107 2023-2-2 13:39:39 254.12 23.78
108 0 108 2023-2-2 13:39:49 254.36 23.78
109 0 109 2023-2-2 13:39:59 254.36 23.78
110 0 110 2023-2-2 13:40:9 254.0 23.78
111 0 111 2023-2-2 13:40:19 254.46 23.78
112 0 112 2023-2-2 13:40:29 254.41 23.78
113 0 113 2023-2-2 13:40:39 254.19 23.78
114 0 114 2023-2-2 13:40:49 254.36 23.78
115 0 115 2023-2-2 13:40:59 254.41 23.78
116 0 116 2023-2-2 13:41:9 254.9 23.75
117 0 117 2023-2-2 13:41:19 254.41 23.78
118 0 118 2023-2-2 13:41:29 254.48 23.78
119 0 119 2023-2-2 13:41:39 254.7 23.75
120 0 120 2023-2-2 13:41:49 254.49 23.75
121 1 1 2023-2-2 13:42:1 253.65 23.75
122 1 2 2023-2-2 13:42:11 254.9 23.75
123 1 3 2023-2-2 13:42:21 254.94 23.75
124 1 4 2023-2-2 13:42:31 254.51 23.75
125 1 5 2023-2-2 13:42:41 254.15 23.75
126 1 6 2023-2-2 13:42:51 254.1 23.75
127 1 7 2023-2-2 13:43:1 255.84 23.72
128 1 8 2023-2-2 13:43:11 254.71 23.72
129 1 9 2023-2-2 13:43:21 254.3 23.75
130 1 10 2023-2-2 13:43:31 254.66 23.72
131 1 11 2023-2-2 13:43:41 255.36 23.72
132 1 12 2023-2-2 13:43:51 255.55 23.72
133 1 13 2023-2-2 13:44:1 254.28 23.72
134 1 14 2023-2-2 13:44:11 254.93 23.72
135 1 15 2023-2-2 13:44:21 255.17 23.72
136 1 16 2023-2-2 13:44:31 255.63 23.72
137 1 17 2023-2-2 13:44:41 253.78 23.72
138 1 18 2023-2-2 13:44:51 255.54 23.69
139 1 19 2023-2-2 13:45:1 255.17 23.69
140 1 20 2023-2-2 13:45:11 255.44 23.69
141 1 21 2023-2-2 13:45:21 254.98 23.69
142 1 22 2023-2-2 13:45:31 254.6 23.69
143 1 23 2023-2-2 13:45:41 255.83 23.69
144 1 24 2023-2-2 13:45:51 255.17 23.69
145 1 25 2023-2-2 13:46:1 255.34 23.69
146 1 26 2023-2-2 13:46:11 254.5 23.69
147 1 27 2023-2-2 13:46:21 255.83 23.69
148 1 28 2023-2-2 13:46:31 255.63 23.69
149 1 29 2023-2-2 13:46:41 255.08 23.66
150 1 30 2023-2-2 13:46:51 254.57 23.69
151 1 31 2023-2-2 13:47:1 255.71 23.66
152 1 32 2023-2-2 13:47:11 256.34 23.66
153 1 33 2023-2-2 13:47:21 254.63 23.66
154 1 34 2023-2-2 13:47:31 255.35 23.66
155 1 35 2023-2-2 13:47:41 255.57 23.66
156 1 36 2023-2-2 13:47:51 256.15 23.66
157 1 37 2023-2-2 13:48:1 255.37 23.66
158 1 38 2023-2-2 13:48:11 254.99 23.66
159 1 39 2023-2-2 13:48:21 256.05 23.66
160 1 40 2023-2-2 13:48:31 255.57 23.66
161 1 41 2023-2-2 13:48:41 256.06 23.63
162 1 42 2023-2-2 13:48:51 254.9 23.63
163 1 43 2023-2-2 13:49:1 256.2 23.63
164 1 44 2023-2-2 13:49:11 256.06 23.63
165 1 45 2023-2-2 13:49:21 255.81 23.63
166 1 46 2023-2-2 13:49:31 254.97 23.63
167 1 47 2023-2-2 13:49:41 255.81 23.63
168 1 48 2023-2-2 13:49:51 256.37 23.63
169 1 49 2023-2-2 13:50:1 255.24 23.63
170 1 50 2023-2-2 13:50:11 255.5 23.63
171 1 51 2023-2-2 13:50:21 255.33 23.63
172 1 52 2023-2-2 13:50:31 256.86 23.61
173 1 53 2023-2-2 13:50:41 255.4 23.63
174 1 54 2023-2-2 13:50:51 255.6 23.61
175 1 55 2023-2-2 13:51:1 256.04 23.61
176 1 56 2023-2-2 13:51:11 256.01 23.61
177 1 57 2023-2-2 13:51:21 256.33 23.61
178 1 58 2023-2-2 13:51:31 254.98 23.61
179 1 59 2023-2-2 13:51:41 256.18 23.61
180 1 60 2023-2-2 13:51:52 256.04 23.61
181 1 61 2023-2-2 13:52:2 256.01 23.61
182 1 62 2023-2-2 13:52:11 255.17 23.61
183 1 63 2023-2-2 13:52:21 256.48 23.58
184 1 64 2023-2-2 13:52:32 256.3 23.61
185 1 65 2023-2-2 13:52:41 256.12 23.58
186 1 66 2023-2-2 13:52:52 255.63 23.58
187 1 67 2023-2-2 13:53:2 255.32 23.58
188 1 68 2023-2-2 13:53:12 256.92 23.58
189 1 69 2023-2-2 13:53:22 255.73 23.58
190 1 70 2023-2-2 13:53:32 256.05 23.58
191 1 71 2023-2-2 13:53:42 255.73 23.58
192 1 72 2023-2-2 13:53:52 256.66 23.55
193 1 73 2023-2-2 13:54:2 256.36 23.58
194 1 74 2023-2-2 13:54:12 255.4 23.55
195 1 75 2023-2-2 13:54:22 256.05 23.55
196 1 76 2023-2-2 13:54:32 256.39 23.55
197 1 77 2023-2-2 13:54:42 256.73 23.55
198 1 78 2023-2-2 13:54:52 255.14 23.55
199 1 79 2023-2-2 13:55:2 256.44 23.55
200 1 80 2023-2-2 13:55:12 256.69 23.52
201 1 81 2023-2-2 13:55:22 256.35 23.52
202 1 82 2023-2-2 13:55:32 256.35 23.52
203 1 83 2023-2-2 13:55:42 255.48 23.52
204 1 84 2023-2-2 13:55:52 257.2 23.52
205 1 85 2023-2-2 13:56:2 255.89 23.52
206 1 86 2023-2-2 13:56:12 256.35 23.52
207 1 87 2023-2-2 13:56:22 255.82 23.52
208 1 88 2023-2-2 13:56:32 256.81 23.52
209 1 89 2023-2-2 13:56:42 256.66 23.52
210 1 90 2023-2-2 13:56:52 255.94 23.49
211 1 91 2023-2-2 13:57:2 256.14 23.49
212 1 92 2023-2-2 13:57:12 256.38 23.49
213 1 93 2023-2-2 13:57:22 257.32 23.49
214 1 94 2023-2-2 13:57:32 255.71 23.47
215 1 95 2023-2-2 13:57:42 256.65 23.47
216 1 96 2023-2-2 13:57:52 256.94 23.47
217 1 97 2023-2-2 13:58:2 257.11 23.47
218 1 98 2023-2-2 13:58:12 256.17 23.47
219 1 99 2023-2-2 13:58:22 255.9 23.47
220 1 100 2023-2-2 13:58:32 257.21 23.47
221 1 101 2023-2-2 13:58:42 256.55 23.47
222 1 102 2023-2-2 13:58:52 256.65 23.47
223 1 103 2023-2-2 13:59:2 256.36 23.47
224 1 104 2023-2-2 13:59:12 257.17 23.44
225 1 105 2023-2-2 13:59:22 257.07 23.44
226 1 106 2023-2-2 13:59:32 256.39 23.44
227 1 107 2023-2-2 13:59:42 256.54 23.44
228 1 108 2023-2-2 13:59:52 256.97 23.44
229 1 109 2023-2-2 14:0:2 257.75 23.44
230 1 110 2023-2-2 14:0:12 255.64 23.44
231 1 111 2023-2-2 14:0:22 257.04 23.44
232 1 112 2023-2-2 14:0:32 257.04 23.44
233 1 113 2023-2-2 14:0:42 257.32 23.41
234 1 114 2023-2-2 14:0:52 256.45 23.41
235 1 115 2023-2-2 14:1:2 256.08 23.44
236 1 116 2023-2-2 14:1:12 257.8 23.41
237 1 117 2023-2-2 14:1:22 256.76 23.41
238 1 118 2023-2-2 14:1:32 256.8 23.44
239 1 119 2023-2-2 14:1:42 256.3 23.41
240 1 120 2023-2-2 14:1:52 257.14 23.44
241 2 1 2023-2-2 14:2:4 256.52 23.41
242 2 2 2023-2-2 14:2:14 257.04 23.44
243 2 3 2023-2-2 14:2:24 257.24 23.44
244 2 4 2023-2-2 14:2:34 256.32 23.44
245 2 5 2023-2-2 14:2:44 256.1 23.44
246 2 6 2023-2-2 14:2:54 256.99 23.47
247 2 7 2023-2-2 14:3:4 256.8 23.47
248 2 8 2023-2-2 14:3:14 255.95 23.47
249 2 9 2023-2-2 14:3:24 256.38 23.49
250 2 10 2023-2-2 14:3:34 256.81 23.49
251 2 11 2023-2-2 14:3:44 256.5 23.49
252 2 12 2023-2-2 14:3:54 256.48 23.49
253 2 13 2023-2-2 14:4:4 255.91 23.52
254 2 14 2023-2-2 14:4:14 256.69 23.52
255 2 15 2023-2-2 14:4:24 255.91 23.55
256 2 16 2023-2-2 14:4:35 256.03 23.55
257 2 17 2023-2-2 14:4:45 255.71 23.55
258 2 18 2023-2-2 14:4:55 256.2 23.55
259 2 19 2023-2-2 14:5:4 256.7 23.58
260 2 20 2023-2-2 14:5:14 255.71 23.58
261 2 21 2023-2-2 14:5:24 255.1 23.61
262 2 22 2023-2-2 14:5:34 256.35 23.61
263 2 23 2023-2-2 14:5:45 255.81 23.63
264 2 24 2023-2-2 14:5:55 254.83 23.63
265 2 25 2023-2-2 14:6:5 255.43 23.63
266 2 26 2023-2-2 14:6:15 255.77 23.63
267 2 27 2023-2-2 14:6:25 255.57 23.66
268 2 28 2023-2-2 14:6:35 254.81 23.69
269 2 29 2023-2-2 14:6:45 254.79 23.69
270 2 30 2023-2-2 14:6:55 255.56 23.69
271 2 31 2023-2-2 14:7:5 255.17 23.72
272 2 32 2023-2-2 14:7:15 254.85 23.72
273 2 33 2023-2-2 14:7:25 254.42 23.75
274 2 34 2023-2-2 14:7:35 255.11 23.75
275 2 35 2023-2-2 14:7:45 255.67 23.75
276 2 36 2023-2-2 14:7:55 254.58 23.78
277 2 37 2023-2-2 14:8:5 254.0 23.78
278 2 38 2023-2-2 14:8:15 254.86 23.81
279 2 39 2023-2-2 14:8:25 254.61 23.83
280 2 40 2023-2-2 14:8:35 253.77 23.83
281 2 41 2023-2-2 14:8:45 254.27 23.83
282 2 42 2023-2-2 14:8:55 254.24 23.86
283 2 43 2023-2-2 14:9:5 254.46 23.86
284 2 44 2023-2-2 14:9:15 254.12 23.86
285 2 45 2023-2-2 14:9:25 253.9 23.89
286 2 46 2023-2-2 14:9:35 253.99 23.92
287 2 47 2023-2-2 14:9:45 254.13 23.92
288 2 48 2023-2-2 14:9:55 254.01 23.92
289 2 49 2023-2-2 14:10:5 253.52 23.95
290 2 50 2023-2-2 14:10:15 253.36 23.95
291 2 51 2023-2-2 14:10:25 254.12 23.98
292 2 52 2023-2-2 14:10:35 253.64 23.98
293 2 53 2023-2-2 14:10:45 253.01 23.98
294 2 54 2023-2-2 14:10:55 253.7 24.01
295 2 55 2023-2-2 14:11:5 253.8 24.01
296 2 56 2023-2-2 14:11:15 253.12 24.03
297 2 57 2023-2-2 14:11:25 253.31 24.03
298 2 58 2023-2-2 14:11:35 253.0 24.03
299 2 59 2023-2-2 14:11:45 253.42 24.06
300 2 60 2023-2-2 14:11:55 252.99 24.06
301 2 61 2023-2-2 14:12:5 253.04 24.06
302 2 62 2023-2-2 14:12:15 252.96 24.09
303 2 63 2023-2-2 14:12:25 253.16 24.06
304 2 64 2023-2-2 14:12:35 253.53 24.09
305 2 65 2023-2-2 14:12:45 252.55 24.09
306 2 66 2023-2-2 14:12:55 252.31 24.09
307 2 67 2023-2-2 14:13:5 253.61 24.09
308 2 68 2023-2-2 14:13:15 253.41 24.09
309 2 69 2023-2-2 14:13:25 252.62 24.09
310 2 70 2023-2-2 14:13:35 252.83 24.12
311 2 71 2023-2-2 14:13:45 253.17 24.09
312 2 72 2023-2-2 14:13:55 253.38 24.12
313 2 73 2023-2-2 14:14:5 252.59 24.12
314 2 74 2023-2-2 14:14:15 252.74 24.12
315 2 75 2023-2-2 14:14:25 253.09 24.12
316 2 76 2023-2-2 14:14:35 253.21 24.12
317 2 77 2023-2-2 14:14:45 253.02 24.12
318 2 78 2023-2-2 14:14:55 252.78 24.12
319 2 79 2023-2-2 14:15:5 252.78 24.12
320 2 80 2023-2-2 14:15:15 254.01 24.12
321 2 81 2023-2-2 14:15:25 253.43 24.12
322 2 82 2023-2-2 14:15:35 252.38 24.12
323 2 83 2023-2-2 14:15:45 253.33 24.12
324 2 84 2023-2-2 14:15:55 253.62 24.12
325 2 85 2023-2-2 14:16:5 253.19 24.12
326 2 86 2023-2-2 14:16:15 253.17 24.12
327 2 87 2023-2-2 14:16:25 252.95 24.12
328 2 88 2023-2-2 14:16:35 253.94 24.09
329 2 89 2023-2-2 14:16:45 253.21 24.12
330 2 90 2023-2-2 14:16:55 253.0 24.12
331 2 91 2023-2-2 14:17:5 252.71 24.12
332 2 92 2023-2-2 14:17:15 253.07 24.12
333 2 93 2023-2-2 14:17:25 254.08 24.12
334 2 94 2023-2-2 14:17:35 253.13 24.09
335 2 95 2023-2-2 14:17:45 252.62 24.12
336 2 96 2023-2-2 14:17:55 253.69 24.12
337 2 97 2023-2-2 14:18:5 253.87 24.09
338 2 98 2023-2-2 14:18:15 253.22 24.09
339 2 99 2023-2-2 14:18:25 253.41 24.09
340 2 100 2023-2-2 14:18:35 253.15 24.09
341 2 101 2023-2-2 14:18:45 253.94 24.09
342 2 102 2023-2-2 14:18:55 253.37 24.09
343 2 103 2023-2-2 14:19:5 253.22 24.09
344 2 104 2023-2-2 14:19:15 253.51 24.09
345 2 105 2023-2-2 14:19:25 253.65 24.09
346 2 106 2023-2-2 14:19:35 253.63 24.09
347 2 107 2023-2-2 14:19:45 253.08 24.09
348 2 108 2023-2-2 14:19:55 253.18 24.06
349 2 109 2023-2-2 14:20:5 254.36 24.06
350 2 110 2023-2-2 14:20:15 254.0 24.06
351 2 111 2023-2-2 14:20:25 253.16 24.06
352 2 112 2023-2-2 14:20:35 253.76 24.06
353 2 113 2023-2-2 14:20:45 254.12 24.06
354 2 114 2023-2-2 14:20:55 254.21 24.06
355 2 115 2023-2-2 14:21:5 253.57 24.06
356 2 116 2023-2-2 14:21:15 253.42 24.06
357 2 117 2023-2-2 14:21:25 254.24 24.06
358 2 118 2023-2-2 14:21:35 253.71 24.06
359 2 119 2023-2-2 14:21:45 253.76 24.06
360 2 120 2023-2-2 14:21:55 253.45 24.06
361 3 1 2023-2-2 14:22:8 254.17 24.03
362 3 2 2023-2-2 14:22:18 253.74 24.03
363 3 3 2023-2-2 14:22:28 254.53 24.03
364 3 4 2023-2-2 14:22:38 253.67 24.03
365 3 5 2023-2-2 14:22:48 254.25 24.03
366 3 6 2023-2-2 14:22:58 254.05 24.03
367 3 7 2023-2-2 14:23:8 254.34 24.03
368 3 8 2023-2-2 14:23:18 253.19 24.03
369 3 9 2023-2-2 14:23:28 254.51 24.03
370 3 10 2023-2-2 14:23:38 254.22 24.03
371 3 11 2023-2-2 14:23:48 253.98 24.03
372 3 12 2023-2-2 14:23:58 253.57 24.03
373 3 13 2023-2-2 14:24:8 253.93 24.03
374 3 14 2023-2-2 14:24:18 254.9 24.01
375 3 15 2023-2-2 14:24:28 253.53 24.03
376 3 16 2023-2-2 14:24:38 254.46 24.03
377 3 17 2023-2-2 14:24:48 254.05 24.03
378 3 18 2023-2-2 14:24:58 254.44 24.03
379 3 19 2023-2-2 14:25:8 254.56 24.03
380 3 20 2023-2-2 14:25:18 254.05 24.03
381 3 21 2023-2-2 14:25:28 253.79 24.03
382 3 22 2023-2-2 14:25:38 254.95 24.01
383 3 23 2023-2-2 14:25:48 254.82 24.03
384 3 24 2023-2-2 14:25:58 253.43 24.03
385 3 25 2023-2-2 14:26:8 254.22 24.03
386 3 26 2023-2-2 14:26:18 254.59 24.01
387 3 27 2023-2-2 14:26:28 254.9 24.03
388 3 28 2023-2-2 14:26:38 253.48 24.03
389 3 29 2023-2-2 14:26:48 254.54 24.01
390 3 30 2023-2-2 14:26:58 254.45 24.01
391 3 31 2023-2-2 14:27:8 254.35 24.01
392 3 32 2023-2-2 14:27:18 254.66 24.01
393 3 33 2023-2-2 14:27:28 253.75 24.01
394 3 34 2023-2-2 14:27:38 254.45 24.01
395 3 35 2023-2-2 14:27:48 254.47 24.01
396 3 36 2023-2-2 14:27:58 254.73 24.01
397 3 37 2023-2-2 14:28:8 253.51 24.01
398 3 38 2023-2-2 14:28:18 254.71 24.01
399 3 39 2023-2-2 14:28:28 254.76 24.01
400 3 40 2023-2-2 14:28:38 254.59 24.01
401 3 41 2023-2-2 14:28:48 253.84 24.01
402 3 42 2023-2-2 14:28:58 254.78 24.01
403 3 43 2023-2-2 14:29:8 254.73 24.01
404 3 44 2023-2-2 14:29:18 253.46 24.01
405 3 45 2023-2-2 14:29:28 254.71 24.01
406 3 46 2023-2-2 14:29:38 254.23 24.01
407 3 47 2023-2-2 14:29:48 254.71 24.01
408 3 48 2023-2-2 14:29:58 254.4 24.01
409 3 49 2023-2-2 14:30:8 254.4 24.01
410 3 50 2023-2-2 14:30:18 253.89 24.01
411 3 51 2023-2-2 14:30:28 254.64 24.01
412 3 52 2023-2-2 14:30:38 254.83 24.01
413 3 53 2023-2-2 14:30:48 254.16 23.98
414 3 54 2023-2-2 14:30:58 254.16 24.01
415 3 55 2023-2-2 14:31:8 254.54 24.01
416 3 56 2023-2-2 14:31:18 254.95 24.01
417 3 57 2023-2-2 14:31:28 253.41 24.01
418 3 58 2023-2-2 14:31:38 254.98 23.98
419 3 59 2023-2-2 14:31:48 254.6 23.98
420 3 60 2023-2-2 14:31:58 254.5 23.98
421 3 61 2023-2-2 14:32:8 255.03 23.98
422 3 62 2023-2-2 14:32:18 254.31 23.98
423 3 63 2023-2-2 14:32:28 254.72 23.98
424 3 64 2023-2-2 14:32:38 254.62 23.98
425 3 65 2023-2-2 14:32:48 255.18 23.98
426 3 66 2023-2-2 14:32:58 253.47 23.98
427 3 67 2023-2-2 14:33:8 254.93 23.98
428 3 68 2023-2-2 14:33:18 254.45 23.98
429 3 69 2023-2-2 14:33:28 254.84 23.98
430 3 70 2023-2-2 14:33:38 253.88 23.98
431 3 71 2023-2-2 14:33:48 255.01 23.98
432 3 72 2023-2-2 14:33:58 255.06 23.98
433 3 73 2023-2-2 14:34:8 254.04 23.98
434 3 74 2023-2-2 14:34:18 255.13 23.98
435 3 75 2023-2-2 14:34:28 254.12 23.95
436 3 76 2023-2-2 14:34:38 255.06 23.98
437 3 77 2023-2-2 14:34:48 254.67 23.98
438 3 78 2023-2-2 14:34:58 254.33 23.98
439 3 79 2023-2-2 14:35:8 253.97 23.98
440 3 80 2023-2-2 14:35:18 254.57 23.98
441 3 81 2023-2-2 14:35:28 254.93 23.98
442 3 82 2023-2-2 14:35:38 254.21 23.98
443 3 83 2023-2-2 14:35:48 254.36 23.95
444 3 84 2023-2-2 14:35:58 254.77 23.95
445 3 85 2023-2-2 14:36:8 255.55 23.95
446 3 86 2023-2-2 14:36:18 254.0 23.95
447 3 87 2023-2-2 14:36:28 255.23 23.95
448 3 88 2023-2-2 14:36:38 254.45 23.98
449 3 89 2023-2-2 14:36:48 254.33 23.98
450 3 90 2023-2-2 14:36:58 254.55 23.98
451 3 91 2023-2-2 14:37:8 254.38 23.98
452 3 92 2023-2-2 14:37:18 254.6 23.98
453 3 93 2023-2-2 14:37:28 254.31 23.98
454 3 94 2023-2-2 14:37:38 254.25 24.01
455 3 95 2023-2-2 14:37:48 253.56 24.01
456 3 96 2023-2-2 14:37:59 254.33 24.01
457 3 97 2023-2-2 14:38:9 254.4 24.01
458 3 98 2023-2-2 14:38:18 254.47 24.01
459 3 99 2023-2-2 14:38:28 253.33 24.03
460 3 100 2023-2-2 14:38:38 254.1 24.03
461 3 101 2023-2-2 14:38:48 254.12 24.06
462 3 102 2023-2-2 14:38:58 253.33 24.06
463 3 103 2023-2-2 14:39:8 254.5 24.06
464 3 104 2023-2-2 14:39:19 253.47 24.06
465 3 105 2023-2-2 14:39:29 254.29 24.06
466 3 106 2023-2-2 14:39:39 254.04 24.09
467 3 107 2023-2-2 14:39:49 253.97 24.09
468 3 108 2023-2-2 14:39:59 252.97 24.12
469 3 109 2023-2-2 14:40:9 253.91 24.12
470 3 110 2023-2-2 14:40:19 253.4 24.15
471 3 111 2023-2-2 14:40:29 253.25 24.15
472 3 112 2023-2-2 14:40:39 253.16 24.15
473 3 113 2023-2-2 14:40:49 253.01 24.18
474 3 114 2023-2-2 14:40:59 253.92 24.18
475 3 115 2023-2-2 14:41:9 252.72 24.18
476 3 116 2023-2-2 14:41:19 253.26 24.21
477 3 117 2023-2-2 14:41:29 252.76 24.21
478 3 118 2023-2-2 14:41:39 253.21 24.21
479 3 119 2023-2-2 14:41:49 253.11 24.23
480 3 120 2023-2-2 14:41:59 252.77 24.23
481 4 1 2023-2-2 14:42:11 253.13 24.26
482 4 2 2023-2-2 14:42:21 253.05 24.26
483 4 3 2023-2-2 14:42:31 252.05 24.26
484 4 4 2023-2-2 14:42:41 251.61 24.29
485 4 5 2023-2-2 14:42:51 253.01 24.32
486 4 6 2023-2-2 14:43:1 253.01 24.32
487 4 7 2023-2-2 14:43:11 251.52 24.35
488 4 8 2023-2-2 14:43:21 252.14 24.35
489 4 9 2023-2-2 14:43:31 252.21 24.35
490 4 10 2023-2-2 14:43:41 252.21 24.38
491 4 11 2023-2-2 14:43:51 252.25 24.41
492 4 12 2023-2-2 14:44:1 251.39 24.41
493 4 13 2023-2-2 14:44:11 251.58 24.41
494 4 14 2023-2-2 14:44:21 252.52 24.44
495 4 15 2023-2-2 14:44:31 252.14 24.44
496 4 16 2023-2-2 14:44:41 250.8 24.47
497 4 17 2023-2-2 14:44:51 250.94 24.47
498 4 18 2023-2-2 14:45:1 252.12 24.49
499 4 19 2023-2-2 14:45:11 251.98 24.49
500 4 20 2023-2-2 14:45:21 250.96 24.49
501 4 21 2023-2-2 14:45:31 251.02 24.52
502 4 22 2023-2-2 14:45:41 251.51 24.55
503 4 23 2023-2-2 14:45:51 250.98 24.55
504 4 24 2023-2-2 14:46:1 251.19 24.58
505 4 25 2023-2-2 14:46:11 250.38 24.58
506 4 26 2023-2-2 14:46:21 250.69 24.58
507 4 27 2023-2-2 14:46:31 251.88 24.58
508 4 28 2023-2-2 14:46:41 251.08 24.61
509 4 29 2023-2-2 14:46:51 250.09 24.61
510 4 30 2023-2-2 14:47:1 250.61 24.61
511 4 31 2023-2-2 14:47:11 251.58 24.61
512 4 32 2023-2-2 14:47:21 251.51 24.61
513 4 33 2023-2-2 14:47:31 249.84 24.64
514 4 34 2023-2-2 14:47:41 250.87 24.61
515 4 35 2023-2-2 14:47:51 251.34 24.64
516 4 36 2023-2-2 14:48:1 251.0 24.64
517 4 37 2023-2-2 14:48:11 251.19 24.64
518 4 38 2023-2-2 14:48:21 250.84 24.64
519 4 39 2023-2-2 14:48:31 250.09 24.67
520 4 40 2023-2-2 14:48:41 251.35 24.67
521 4 41 2023-2-2 14:48:51 251.38 24.67
522 4 42 2023-2-2 14:49:1 249.83 24.67
523 4 43 2023-2-2 14:49:11 250.54 24.67
524 4 44 2023-2-2 14:49:21 251.42 24.67
525 4 45 2023-2-2 14:49:31 251.23 24.67
526 4 46 2023-2-2 14:49:41 250.0 24.67
527 4 47 2023-2-2 14:49:51 250.76 24.67
528 4 48 2023-2-2 14:50:1 251.16 24.67
529 4 49 2023-2-2 14:50:11 250.99 24.67
530 4 50 2023-2-2 14:50:21 251.47 24.67
531 4 51 2023-2-2 14:50:31 250.57 24.67
532 4 52 2023-2-2 14:50:41 250.64 24.67
533 4 53 2023-2-2 14:50:51 251.42 24.67
534 4 54 2023-2-2 14:51:1 251.26 24.67
535 4 55 2023-2-2 14:51:11 250.16 24.67
536 4 56 2023-2-2 14:51:21 250.9 24.67
537 4 57 2023-2-2 14:51:31 251.59 24.67
538 4 58 2023-2-2 14:51:41 251.47 24.67
539 4 59 2023-2-2 14:51:51 250.11 24.7
540 4 60 2023-2-2 14:52:1 250.95 24.67
541 4 61 2023-2-2 14:52:11 251.08 24.7
542 4 62 2023-2-2 14:52:22 251.64 24.67
543 4 63 2023-2-2 14:52:32 251.59 24.67
544 4 64 2023-2-2 14:52:42 250.44 24.7
545 4 65 2023-2-2 14:52:52 250.22 24.7
546 4 66 2023-2-2 14:53:2 252.0 24.67
547 4 67 2023-2-2 14:53:12 251.92 24.67
548 4 68 2023-2-2 14:53:22 250.52 24.67
549 4 69 2023-2-2 14:53:32 250.76 24.67
550 4 70 2023-2-2 14:53:42 251.9 24.67
551 4 71 2023-2-2 14:53:52 251.92 24.67
552 4 72 2023-2-2 14:54:2 250.47 24.67
553 4 73 2023-2-2 14:54:12 251.04 24.67
554 4 74 2023-2-2 14:54:22 251.21 24.67
555 4 75 2023-2-2 14:54:32 251.52 24.67
556 4 76 2023-2-2 14:54:42 251.64 24.67
557 4 77 2023-2-2 14:54:52 250.9 24.67
558 4 78 2023-2-2 14:55:2 250.54 24.67
559 4 79 2023-2-2 14:55:12 251.8 24.67
560 4 80 2023-2-2 14:55:22 252.22 24.64
561 4 81 2023-2-2 14:55:32 250.84 24.64
562 4 82 2023-2-2 14:55:42 250.61 24.67
563 4 83 2023-2-2 14:55:52 251.88 24.67
564 4 84 2023-2-2 14:56:2 252.34 24.64
565 4 85 2023-2-2 14:56:12 250.84 24.64
566 4 86 2023-2-2 14:56:22 251.43 24.64
567 4 87 2023-2-2 14:56:32 251.58 24.64
568 4 88 2023-2-2 14:56:42 251.89 24.64
569 4 89 2023-2-2 14:56:52 251.72 24.64
570 4 90 2023-2-2 14:57:2 251.27 24.64
571 4 91 2023-2-2 14:57:12 251.0 24.64
572 4 92 2023-2-2 14:57:22 252.29 24.64
573 4 93 2023-2-2 14:57:32 251.89 24.64
574 4 94 2023-2-2 14:57:42 250.77 24.64
575 4 95 2023-2-2 14:57:52 251.19 24.64
576 4 96 2023-2-2 14:58:2 251.91 24.64
577 4 97 2023-2-2 14:58:12 252.12 24.64
578 4 98 2023-2-2 14:58:22 251.03 24.64
579 4 99 2023-2-2 14:58:32 251.5 24.64
580 4 100 2023-2-2 14:58:42 251.67 24.64
581 4 101 2023-2-2 14:58:52 251.69 24.64
582 4 102 2023-2-2 14:59:2 252.05 24.64
583 4 103 2023-2-2 14:59:12 251.19 24.64
584 4 104 2023-2-2 14:59:22 251.18 24.61
585 4 105 2023-2-2 14:59:32 252.66 24.61
586 4 106 2023-2-2 14:59:42 252.45 24.61
587 4 107 2023-2-2 14:59:52 251.18 24.61
588 4 108 2023-2-2 15:0:2 251.04 24.61
589 4 109 2023-2-2 15:0:12 252.47 24.61
590 4 110 2023-2-2 15:0:22 252.33 24.61
591 4 111 2023-2-2 15:0:32 251.04 24.61
592 4 112 2023-2-2 15:0:42 251.58 24.61
593 4 113 2023-2-2 15:0:52 251.66 24.61
594 4 114 2023-2-2 15:1:2 252.18 24.61
595 4 115 2023-2-2 15:1:12 252.13 24.61
596 4 116 2023-2-2 15:1:22 251.42 24.61
597 4 117 2023-2-2 15:1:32 250.92 24.61
598 4 118 2023-2-2 15:1:42 252.45 24.58
599 4 119 2023-2-2 15:1:52 252.67 24.58
600 4 120 2023-2-2 15:2:2 251.31 24.58
601 5 1 2023-2-2 15:2:14 251.69 24.58
602 5 2 2023-2-2 15:2:24 251.4 24.58
603 5 3 2023-2-2 15:2:34 252.6 24.58
604 5 4 2023-2-2 15:2:44 251.55 24.58
605 5 5 2023-2-2 15:2:54 252.17 24.58
606 5 6 2023-2-2 15:3:4 252.12 24.58
607 5 7 2023-2-2 15:3:14 252.05 24.58
608 5 8 2023-2-2 15:3:24 251.64 24.58
609 5 9 2023-2-2 15:3:34 252.29 24.58
610 5 10 2023-2-2 15:3:44 252.29 24.58
611 5 11 2023-2-2 15:3:54 251.43 24.58
612 5 12 2023-2-2 15:4:4 252.26 24.58
613 5 13 2023-2-2 15:4:14 252.0 24.58
614 5 14 2023-2-2 15:4:24 251.78 24.58
615 5 15 2023-2-2 15:4:34 251.47 24.58
616 5 16 2023-2-2 15:4:44 252.84 24.58
617 5 17 2023-2-2 15:4:54 251.57 24.58
618 5 18 2023-2-2 15:5:4 251.93 24.58
619 5 19 2023-2-2 15:5:14 252.13 24.55
620 5 20 2023-2-2 15:5:24 251.98 24.58
621 5 21 2023-2-2 15:5:34 251.76 24.58
622 5 22 2023-2-2 15:5:44 252.15 24.55
623 5 23 2023-2-2 15:5:54 252.0 24.58
624 5 24 2023-2-2 15:6:4 251.33 24.58
625 5 25 2023-2-2 15:6:15 252.57 24.58
626 5 26 2023-2-2 15:6:25 252.17 24.58
627 5 27 2023-2-2 15:6:35 252.02 24.58
628 5 28 2023-2-2 15:6:45 251.33 24.58
629 5 29 2023-2-2 15:6:55 253.03 24.58
630 5 30 2023-2-2 15:7:5 251.67 24.58
631 5 31 2023-2-2 15:7:15 251.83 24.58
632 5 32 2023-2-2 15:7:25 252.12 24.58
633 5 33 2023-2-2 15:7:35 252.48 24.58
634 5 34 2023-2-2 15:7:45 251.64 24.58
635 5 35 2023-2-2 15:7:55 252.26 24.58
636 5 36 2023-2-2 15:8:5 252.38 24.58
637 5 37 2023-2-2 15:8:15 251.76 24.58
638 5 38 2023-2-2 15:8:25 252.53 24.58
639 5 39 2023-2-2 15:8:35 252.1 24.58
640 5 40 2023-2-2 15:8:45 252.26 24.58
641 5 41 2023-2-2 15:8:55 251.82 24.55
642 5 42 2023-2-2 15:9:5 253.01 24.55
643 5 43 2023-2-2 15:9:15 251.78 24.58
644 5 44 2023-2-2 15:9:25 252.18 24.55
645 5 45 2023-2-2 15:9:35 252.42 24.55
646 5 46 2023-2-2 15:9:45 252.05 24.58
647 5 47 2023-2-2 15:9:55 251.57 24.58
648 5 48 2023-2-2 15:10:5 252.0 24.58
649 5 49 2023-2-2 15:10:15 252.63 24.55
650 5 50 2023-2-2 15:10:25 251.67 24.55
651 5 51 2023-2-2 15:10:35 252.85 24.55
652 5 52 2023-2-2 15:10:45 252.27 24.55
653 5 53 2023-2-2 15:10:55 252.21 24.58
654 5 54 2023-2-2 15:11:5 251.89 24.55
655 5 55 2023-2-2 15:11:15 253.18 24.55
656 5 56 2023-2-2 15:11:25 251.44 24.55
657 5 57 2023-2-2 15:11:35 252.2 24.55
658 5 58 2023-2-2 15:11:45 252.75 24.55
659 5 59 2023-2-2 15:11:55 252.49 24.55
660 5 60 2023-2-2 15:12:5 252.1 24.55
661 5 61 2023-2-2 15:12:15 252.08 24.55
662 5 62 2023-2-2 15:12:25 252.34 24.55
663 5 63 2023-2-2 15:12:35 251.82 24.55
664 5 64 2023-2-2 15:12:45 252.92 24.55
665 5 65 2023-2-2 15:12:55 252.08 24.55
666 5 66 2023-2-2 15:13:5 252.34 24.55
667 5 67 2023-2-2 15:13:15 251.69 24.58
668 5 68 2023-2-2 15:13:25 253.01 24.58
669 5 69 2023-2-2 15:13:35 251.64 24.58
670 5 70 2023-2-2 15:13:45 252.17 24.58
671 5 71 2023-2-2 15:13:55 252.24 24.58
672 5 72 2023-2-2 15:14:5 252.14 24.58
673 5 73 2023-2-2 15:14:15 251.82 24.61
674 5 74 2023-2-2 15:14:25 251.9 24.61
675 5 75 2023-2-2 15:14:35 252.3 24.61
676 5 76 2023-2-2 15:14:45 250.91 24.64
677 5 77 2023-2-2 15:14:55 252.44 24.64
678 5 78 2023-2-2 15:15:5 251.69 24.64
679 5 79 2023-2-2 15:15:15 251.52 24.67
680 5 80 2023-2-2 15:15:25 250.9 24.67
681 5 81 2023-2-2 15:15:35 252.01 24.7
682 5 82 2023-2-2 15:15:45 251.01 24.7
683 5 83 2023-2-2 15:15:55 251.2 24.7
684 5 84 2023-2-2 15:16:5 251.26 24.73
685 5 85 2023-2-2 15:16:15 251.45 24.73
686 5 86 2023-2-2 15:16:25 250.42 24.76
687 5 87 2023-2-2 15:16:35 251.18 24.76
688 5 88 2023-2-2 15:16:45 251.2 24.76
689 5 89 2023-2-2 15:16:55 250.08 24.79
690 5 90 2023-2-2 15:17:5 251.06 24.81
691 5 91 2023-2-2 15:17:15 250.47 24.81
692 5 92 2023-2-2 15:17:25 250.8 24.81
693 5 93 2023-2-2 15:17:35 249.84 24.84
694 5 94 2023-2-2 15:17:45 251.13 24.84
695 5 95 2023-2-2 15:17:55 249.67 24.87
696 5 96 2023-2-2 15:18:5 250.4 24.87
697 5 97 2023-2-2 15:18:15 250.01 24.9
698 5 98 2023-2-2 15:18:25 250.2 24.9
699 5 99 2023-2-2 15:18:35 249.58 24.9
700 5 100 2023-2-2 15:18:45 250.17 24.93
701 5 101 2023-2-2 15:18:55 249.95 24.93
702 5 102 2023-2-2 15:19:5 249.21 24.96
703 5 103 2023-2-2 15:19:15 249.81 24.99
704 5 104 2023-2-2 15:19:25 249.55 24.99
705 5 105 2023-2-2 15:19:35 249.38 25.02
706 5 106 2023-2-2 15:19:45 248.67 25.02
707 5 107 2023-2-2 15:19:55 249.94 25.05
708 5 108 2023-2-2 15:20:5 248.56 25.05
709 5 109 2023-2-2 15:20:15 249.22 25.05
710 5 110 2023-2-2 15:20:25 248.98 25.08
711 5 111 2023-2-2 15:20:35 249.23 25.11
712 5 112 2023-2-2 15:20:45 248.45 25.11
713 5 113 2023-2-2 15:20:55 249.58 25.11
714 5 114 2023-2-2 15:21:5 248.39 25.14
715 5 115 2023-2-2 15:21:15 248.77 25.14
716 5 116 2023-2-2 15:21:25 248.44 25.14
717 5 117 2023-2-2 15:21:35 248.94 25.17
718 5 118 2023-2-2 15:21:45 248.31 25.17
719 5 119 2023-2-2 15:21:55 247.99 25.2
720 5 120 2023-2-2 15:22:5 248.59 25.23
721 6 1 2023-2-2 15:22:18 248.45 25.23
722 6 2 2023-2-2 15:22:28 248.3 25.26
723 6 3 2023-2-2 15:22:38 248.2 25.26
724 6 4 2023-2-2 15:22:48 248.23 25.26
725 6 5 2023-2-2 15:22:58 247.52 25.26
726 6 6 2023-2-2 15:23:8 248.19 25.29
727 6 7 2023-2-2 15:23:18 248.59 25.29
728 6 8 2023-2-2 15:23:28 247.85 25.31
729 6 9 2023-2-2 15:23:38 247.07 25.31
730 6 10 2023-2-2 15:23:48 247.37 25.34
731 6 11 2023-2-2 15:23:58 248.64 25.34
732 6 12 2023-2-2 15:24:8 247.72 25.34
733 6 13 2023-2-2 15:24:18 247.34 25.34
734 6 14 2023-2-2 15:24:28 247.84 25.34
735 6 15 2023-2-2 15:24:38 247.72 25.34
736 6 16 2023-2-2 15:24:48 247.97 25.37
737 6 17 2023-2-2 15:24:58 248.32 25.37
738 6 18 2023-2-2 15:25:8 247.17 25.37
739 6 19 2023-2-2 15:25:18 246.87 25.4
740 6 20 2023-2-2 15:25:28 248.13 25.37
741 6 21 2023-2-2 15:25:38 248.38 25.4
742 6 22 2023-2-2 15:25:48 246.94 25.4
743 6 23 2023-2-2 15:25:58 247.15 25.4
744 6 24 2023-2-2 15:26:8 247.95 25.4
745 6 25 2023-2-2 15:26:18 248.1 25.4
746 6 26 2023-2-2 15:26:28 247.93 25.4
747 6 27 2023-2-2 15:26:38 248.07 25.4
748 6 28 2023-2-2 15:26:48 246.7 25.43
749 6 29 2023-2-2 15:26:58 247.8 25.43
750 6 30 2023-2-2 15:27:8 248.13 25.43
751 6 31 2023-2-2 15:27:18 248.16 25.43
752 6 32 2023-2-2 15:27:28 246.53 25.43
753 6 33 2023-2-2 15:27:38 247.54 25.43
754 6 34 2023-2-2 15:27:48 248.13 25.43
755 6 35 2023-2-2 15:27:58 248.01 25.43
756 6 36 2023-2-2 15:28:8 247.4 25.43
757 6 37 2023-2-2 15:28:18 247.78 25.43
758 6 38 2023-2-2 15:28:28 247.42 25.43
759 6 39 2023-2-2 15:28:38 248.08 25.43
760 6 40 2023-2-2 15:28:48 248.65 25.43
761 6 41 2023-2-2 15:28:58 247.64 25.43
762 6 42 2023-2-2 15:29:8 246.98 25.43
763 6 43 2023-2-2 15:29:18 248.34 25.43
764 6 44 2023-2-2 15:29:28 248.6 25.43
765 6 45 2023-2-2 15:29:38 247.61 25.43
766 6 46 2023-2-2 15:29:48 247.45 25.43
767 6 47 2023-2-2 15:29:58 247.94 25.43
768 6 48 2023-2-2 15:30:8 247.92 25.43
769 6 49 2023-2-2 15:30:18 248.53 25.43
770 6 50 2023-2-2 15:30:28 248.56 25.43
771 6 51 2023-2-2 15:30:38 246.98 25.43
772 6 52 2023-2-2 15:30:48 247.47 25.43
773 6 53 2023-2-2 15:30:58 248.63 25.43
774 6 54 2023-2-2 15:31:8 248.58 25.43
775 6 55 2023-2-2 15:31:18 247.73 25.43
776 6 56 2023-2-2 15:31:28 247.94 25.43
777 6 57 2023-2-2 15:31:38 248.72 25.43
778 6 58 2023-2-2 15:31:48 248.68 25.43
779 6 59 2023-2-2 15:31:58 248.13 25.43
780 6 60 2023-2-2 15:32:8 248.23 25.43
781 6 61 2023-2-2 15:32:18 247.57 25.43
782 6 62 2023-2-2 15:32:28 248.27 25.43
783 6 63 2023-2-2 15:32:38 248.84 25.43
784 6 64 2023-2-2 15:32:48 248.16 25.43
785 6 65 2023-2-2 15:32:58 247.42 25.43
786 6 66 2023-2-2 15:33:8 248.32 25.43
787 6 67 2023-2-2 15:33:18 249.17 25.43
788 6 68 2023-2-2 15:33:28 248.16 25.43
789 6 69 2023-2-2 15:33:38 248.06 25.43
790 6 70 2023-2-2 15:33:48 248.47 25.4
791 6 71 2023-2-2 15:33:58 248.23 25.43
792 6 72 2023-2-2 15:34:8 248.44 25.43
793 6 73 2023-2-2 15:34:18 248.68 25.43
794 6 74 2023-2-2 15:34:28 247.59 25.43
795 6 75 2023-2-2 15:34:38 247.78 25.43
796 6 76 2023-2-2 15:34:48 248.81 25.4
797 6 77 2023-2-2 15:34:58 249.21 25.4
798 6 78 2023-2-2 15:35:8 247.88 25.4
799 6 79 2023-2-2 15:35:18 248.17 25.4
800 6 80 2023-2-2 15:35:28 248.71 25.4
801 6 81 2023-2-2 15:35:38 248.81 25.4
802 6 82 2023-2-2 15:35:48 248.57 25.4
803 6 83 2023-2-2 15:35:58 248.43 25.4
804 6 84 2023-2-2 15:36:8 247.86 25.4
805 6 85 2023-2-2 15:36:18 248.66 25.4
806 6 86 2023-2-2 15:36:28 249.09 25.4
807 6 87 2023-2-2 15:36:38 248.71 25.4
808 6 88 2023-2-2 15:36:48 247.58 25.4
809 6 89 2023-2-2 15:36:58 248.4 25.4
810 6 90 2023-2-2 15:37:8 249.32 25.37
811 6 91 2023-2-2 15:37:18 248.4 25.4
812 6 92 2023-2-2 15:37:28 248.23 25.37
813 6 93 2023-2-2 15:37:38 248.52 25.4
814 6 94 2023-2-2 15:37:48 248.75 25.37
815 6 95 2023-2-2 15:37:58 249.01 25.37
816 6 96 2023-2-2 15:38:8 249.17 25.37
817 6 97 2023-2-2 15:38:18 247.94 25.37
818 6 98 2023-2-2 15:38:28 248.34 25.37
819 6 99 2023-2-2 15:38:38 249.2 25.37
820 6 100 2023-2-2 15:38:48 249.32 25.37
821 6 101 2023-2-2 15:38:58 248.04 25.37
822 6 102 2023-2-2 15:39:8 247.97 25.37
823 6 103 2023-2-2 15:39:18 248.77 25.37
824 6 104 2023-2-2 15:39:28 249.33 25.34
825 6 105 2023-2-2 15:39:38 248.68 25.37
826 6 106 2023-2-2 15:39:48 248.73 25.34
827 6 107 2023-2-2 15:39:58 247.98 25.34
828 6 108 2023-2-2 15:40:8 248.75 25.37
829 6 109 2023-2-2 15:40:18 249.15 25.37
830 6 110 2023-2-2 15:40:28 248.99 25.34
831 6 111 2023-2-2 15:40:38 248.06 25.37
832 6 112 2023-2-2 15:40:48 248.88 25.34
833 6 113 2023-2-2 15:40:58 249.56 25.34
834 6 114 2023-2-2 15:41:8 248.85 25.34
835 6 115 2023-2-2 15:41:19 248.76 25.34
836 6 116 2023-2-2 15:41:29 248.85 25.34
837 6 117 2023-2-2 15:41:39 248.52 25.34
838 6 118 2023-2-2 15:41:49 249.33 25.34
839 6 119 2023-2-2 15:41:59 249.18 25.34
840 6 120 2023-2-2 15:42:9 248.19 25.34
841 7 1 2023-2-2 15:42:21 249.42 25.34
842 7 2 2023-2-2 15:42:31 249.84 25.31
843 7 3 2023-2-2 15:42:41 248.62 25.34
844 7 4 2023-2-2 15:42:51 248.25 25.31
845 7 5 2023-2-2 15:43:1 249.55 25.31
846 7 6 2023-2-2 15:43:11 248.89 25.31
847 7 7 2023-2-2 15:43:21 249.84 25.31
848 7 8 2023-2-2 15:43:31 249.01 25.31
849 7 9 2023-2-2 15:43:41 248.84 25.31
850 7 10 2023-2-2 15:43:51 248.12 25.34
851 7 11 2023-2-2 15:44:1 249.78 25.34
852 7 12 2023-2-2 15:44:11 248.76 25.34
853 7 13 2023-2-2 15:44:21 248.69 25.34
854 7 14 2023-2-2 15:44:31 248.29 25.34
855 7 15 2023-2-2 15:44:41 249.94 25.34
856 7 16 2023-2-2 15:44:51 248.83 25.34
857 7 17 2023-2-2 15:45:1 249.39 25.31
858 7 18 2023-2-2 15:45:11 248.73 25.34
859 7 19 2023-2-2 15:45:21 248.94 25.31
860 7 20 2023-2-2 15:45:31 248.99 25.34
861 7 21 2023-2-2 15:45:41 250.03 25.31
862 7 22 2023-2-2 15:45:51 248.55 25.34
863 7 23 2023-2-2 15:46:1 248.52 25.34
864 7 24 2023-2-2 15:46:11 249.47 25.34
865 7 25 2023-2-2 15:46:21 249.73 25.34
866 7 26 2023-2-2 15:46:31 249.24 25.31
867 7 27 2023-2-2 15:46:41 248.58 25.31
868 7 28 2023-2-2 15:46:51 249.65 25.31
869 7 29 2023-2-2 15:47:1 248.84 25.31
870 7 30 2023-2-2 15:47:11 250.17 25.31
871 7 31 2023-2-2 15:47:21 248.94 25.31
872 7 32 2023-2-2 15:47:31 249.24 25.31
873 7 33 2023-2-2 15:47:41 248.79 25.31
874 7 34 2023-2-2 15:47:51 250.46 25.31
875 7 35 2023-2-2 15:48:1 248.96 25.31
876 7 36 2023-2-2 15:48:11 248.89 25.31
877 7 37 2023-2-2 15:48:21 248.75 25.31
878 7 38 2023-2-2 15:48:31 250.1 25.31
879 7 39 2023-2-2 15:48:41 248.96 25.31
880 7 40 2023-2-2 15:48:51 248.91 25.31
881 7 41 2023-2-2 15:49:1 249.15 25.31
882 7 42 2023-2-2 15:49:11 248.89 25.31
883 7 43 2023-2-2 15:49:21 249.69 25.31
884 7 44 2023-2-2 15:49:31 249.52 25.34
885 7 45 2023-2-2 15:49:41 248.55 25.34
886 7 46 2023-2-2 15:49:51 248.52 25.34
887 7 47 2023-2-2 15:50:1 249.13 25.37
888 7 48 2023-2-2 15:50:11 249.15 25.37
889 7 49 2023-2-2 15:50:21 248.63 25.37
890 7 50 2023-2-2 15:50:31 248.16 25.37
891 7 51 2023-2-2 15:50:41 249.54 25.4
892 7 52 2023-2-2 15:50:51 248.52 25.4
893 7 53 2023-2-2 15:51:1 249.36 25.43
894 7 54 2023-2-2 15:51:11 248.13 25.43
895 7 55 2023-2-2 15:51:21 248.05 25.46
896 7 56 2023-2-2 15:51:31 247.81 25.46
897 7 57 2023-2-2 15:51:41 249.4 25.46
898 7 58 2023-2-2 15:51:51 247.8 25.49
899 7 59 2023-2-2 15:52:1 247.58 25.52
900 7 60 2023-2-2 15:52:11 247.55 25.52
901 7 61 2023-2-2 15:52:21 248.88 25.52
902 7 62 2023-2-2 15:52:31 247.16 25.55
903 7 63 2023-2-2 15:52:41 247.87 25.55
904 7 64 2023-2-2 15:52:51 247.36 25.58
905 7 65 2023-2-2 15:53:1 247.29 25.58
906 7 66 2023-2-2 15:53:11 247.8 25.61
907 7 67 2023-2-2 15:53:21 247.6 25.64
908 7 68 2023-2-2 15:53:31 246.86 25.61
909 7 69 2023-2-2 15:53:41 246.64 25.67
910 7 70 2023-2-2 15:53:51 247.09 25.67
911 7 71 2023-2-2 15:54:1 247.87 25.67
912 7 72 2023-2-2 15:54:11 246.54 25.7
913 7 73 2023-2-2 15:54:21 246.21 25.7
914 7 74 2023-2-2 15:54:32 246.74 25.73
915 7 75 2023-2-2 15:54:41 246.38 25.73
916 7 76 2023-2-2 15:54:51 247.15 25.76
917 7 77 2023-2-2 15:55:1 246.89 25.76
918 7 78 2023-2-2 15:55:12 246.05 25.79
919 7 79 2023-2-2 15:55:21 245.87 25.79
920 7 80 2023-2-2 15:55:31 246.74 25.82
921 7 81 2023-2-2 15:55:42 246.44 25.82
922 7 82 2023-2-2 15:55:51 246.07 25.85
923 7 83 2023-2-2 15:56:2 245.12 25.88
924 7 84 2023-2-2 15:56:12 246.6 25.88
925 7 85 2023-2-2 15:56:22 245.23 25.91
926 7 86 2023-2-2 15:56:32 246.4 25.91
927 7 87 2023-2-2 15:56:42 245.42 25.94
928 7 88 2023-2-2 15:56:52 245.21 25.94
929 7 89 2023-2-2 15:57:2 244.78 25.97
930 7 90 2023-2-2 15:57:12 246.28 25.97
931 7 91 2023-2-2 15:57:22 245.42 26.0
932 7 92 2023-2-2 15:57:32 244.75 26.03
933 7 93 2023-2-2 15:57:42 244.38 26.03
934 7 94 2023-2-2 15:57:52 245.52 26.03
935 7 95 2023-2-2 15:58:2 244.75 26.03
936 7 96 2023-2-2 15:58:12 245.42 26.06
937 7 97 2023-2-2 15:58:22 244.69 26.06
938 7 98 2023-2-2 15:58:32 244.54 26.09
939 7 99 2023-2-2 15:58:42 244.65 26.06
940 7 100 2023-2-2 15:58:52 245.64 26.09
941 7 101 2023-2-2 15:59:2 245.1 26.09
942 7 102 2023-2-2 15:59:12 244.7 26.09
943 7 103 2023-2-2 15:59:22 244.14 26.09
944 7 104 2023-2-2 15:59:32 245.85 26.09
945 7 105 2023-2-2 15:59:42 244.51 26.09
946 7 106 2023-2-2 15:59:52 245.11 26.12
947 7 107 2023-2-2 16:0:2 244.52 26.12
948 7 108 2023-2-2 16:0:12 244.69 26.12
949 7 109 2023-2-2 16:0:22 244.41 26.12
950 7 110 2023-2-2 16:0:32 245.81 26.12
951 7 111 2023-2-2 16:0:42 244.92 26.12
952 7 112 2023-2-2 16:0:52 244.69 26.12
953 7 113 2023-2-2 16:1:2 244.11 26.15
954 7 114 2023-2-2 16:1:12 245.39 26.12
955 7 115 2023-2-2 16:1:22 244.32 26.15
956 7 116 2023-2-2 16:1:32 245.3 26.15
957 7 117 2023-2-2 16:1:42 244.49 26.15
958 7 118 2023-2-2 16:1:52 244.88 26.15
959 7 119 2023-2-2 16:2:2 244.23 26.15
960 7 120 2023-2-2 16:2:12 245.7 26.15
961 8 1 2023-2-2 16:2:24 245.34 26.12
962 8 2 2023-2-2 16:2:34 245.05 26.15
963 8 3 2023-2-2 16:2:44 245.16 26.15
964 8 4 2023-2-2 16:2:54 244.93 26.15
965 8 5 2023-2-2 16:3:4 245.11 26.12
966 8 6 2023-2-2 16:3:14 244.74 26.15
967 8 7 2023-2-2 16:3:24 244.86 26.15
968 8 8 2023-2-2 16:3:34 245.59 26.15
969 8 9 2023-2-2 16:3:44 244.7 26.15
970 8 10 2023-2-2 16:3:54 244.95 26.15
971 8 11 2023-2-2 16:4:4 245.35 26.15
972 8 12 2023-2-2 16:4:14 245.19 26.15
973 8 13 2023-2-2 16:4:24 245.26 26.15
974 8 14 2023-2-2 16:4:34 245.12 26.15
975 8 15 2023-2-2 16:4:44 245.0 26.15
976 8 16 2023-2-2 16:4:54 245.05 26.15
977 8 17 2023-2-2 16:5:4 245.37 26.15
978 8 18 2023-2-2 16:5:14 245.96 26.15
979 8 19 2023-2-2 16:5:24 245.07 26.15
980 8 20 2023-2-2 16:5:34 244.81 26.15
981 8 21 2023-2-2 16:5:44 245.35 26.15
982 8 22 2023-2-2 16:5:54 245.35 26.15
983 8 23 2023-2-2 16:6:4 245.35 26.15
984 8 24 2023-2-2 16:6:14 245.4 26.15
985 8 25 2023-2-2 16:6:24 245.28 26.15
986 8 26 2023-2-2 16:6:34 245.4 26.15
987 8 27 2023-2-2 16:6:44 245.47 26.15
988 8 28 2023-2-2 16:6:54 246.05 26.15
989 8 29 2023-2-2 16:7:4 244.56 26.15
990 8 30 2023-2-2 16:7:14 245.09 26.15
991 8 31 2023-2-2 16:7:24 245.89 26.15
992 8 32 2023-2-2 16:7:34 245.48 26.18
993 8 33 2023-2-2 16:7:44 245.4 26.15
994 8 34 2023-2-2 16:7:54 245.37 26.15
995 8 35 2023-2-2 16:8:4 245.28 26.15
996 8 36 2023-2-2 16:8:14 245.3 26.15
997 8 37 2023-2-2 16:8:24 245.8 26.15
998 8 38 2023-2-2 16:8:34 245.91 26.15
999 8 39 2023-2-2 16:8:44 244.93 26.15
1000 8 40 2023-2-2 16:8:54 245.35 26.15
1001 8 41 2023-2-2 16:9:4 245.54 26.15
1002 8 42 2023-2-2 16:9:15 245.7 26.15
1003 8 43 2023-2-2 16:9:25 245.49 26.15
1004 8 44 2023-2-2 16:9:35 245.63 26.15
1005 8 45 2023-2-2 16:9:44 245.44 26.15
1006 8 46 2023-2-2 16:9:55 245.3 26.15
1007 8 47 2023-2-2 16:10:5 245.49 26.15
1008 8 48 2023-2-2 16:10:15 246.08 26.15
1009 8 49 2023-2-2 16:10:25 245.16 26.15
1010 8 50 2023-2-2 16:10:35 245.4 26.15
1011 8 51 2023-2-2 16:10:45 245.87 26.15
1012 8 52 2023-2-2 16:10:55 245.4 26.15
1013 8 53 2023-2-2 16:11:5 245.35 26.15
1014 8 54 2023-2-2 16:11:15 245.37 26.15
1015 8 55 2023-2-2 16:11:25 245.42 26.15
1016 8 56 2023-2-2 16:11:35 245.54 26.15
1017 8 57 2023-2-2 16:11:45 245.73 26.15
1018 8 58 2023-2-2 16:11:55 245.84 26.15
1019 8 59 2023-2-2 16:12:5 244.93 26.15
1020 8 60 2023-2-2 16:12:15 245.3 26.15
1021 8 61 2023-2-2 16:12:25 245.84 26.15
1022 8 62 2023-2-2 16:12:35 245.23 26.15
1023 8 63 2023-2-2 16:12:45 245.66 26.15
1024 8 64 2023-2-2 16:12:55 245.69 26.12
1025 8 65 2023-2-2 16:13:5 245.26 26.15
1026 8 66 2023-2-2 16:13:15 245.94 26.15
1027 8 67 2023-2-2 16:13:25 245.68 26.15
1028 8 68 2023-2-2 16:13:35 246.28 26.12
1029 8 69 2023-2-2 16:13:45 244.77 26.15
1030 8 70 2023-2-2 16:13:55 245.56 26.15
1031 8 71 2023-2-2 16:14:5 245.84 26.15
1032 8 72 2023-2-2 16:14:15 245.95 26.12
1033 8 73 2023-2-2 16:14:25 245.86 26.12
1034 8 74 2023-2-2 16:14:35 245.54 26.15
1035 8 75 2023-2-2 16:14:45 245.93 26.12
1036 8 76 2023-2-2 16:14:55 245.83 26.12
1037 8 77 2023-2-2 16:15:5 245.79 26.12
1038 8 78 2023-2-2 16:15:15 245.88 26.12
1039 8 79 2023-2-2 16:15:25 245.22 26.12
1040 8 80 2023-2-2 16:15:35 245.79 26.12
1041 8 81 2023-2-2 16:15:45 246.26 26.12
1042 8 82 2023-2-2 16:15:55 245.67 26.12
1043 8 83 2023-2-2 16:16:5 245.76 26.12
1044 8 84 2023-2-2 16:16:15 245.69 26.12
1045 8 85 2023-2-2 16:16:25 245.95 26.12
1046 8 86 2023-2-2 16:16:35 245.93 26.12
1047 8 87 2023-2-2 16:16:45 245.97 26.12
1048 8 88 2023-2-2 16:16:55 246.28 26.12
1049 8 89 2023-2-2 16:17:5 245.24 26.09
1050 8 90 2023-2-2 16:17:15 245.74 26.12
1051 8 91 2023-2-2 16:17:25 246.55 26.09
1052 8 92 2023-2-2 16:17:35 246.04 26.09
1053 8 93 2023-2-2 16:17:45 245.89 26.09
1054 8 94 2023-2-2 16:17:55 245.78 26.09
1055 8 95 2023-2-2 16:18:5 245.97 26.09
1056 8 96 2023-2-2 16:18:15 246.25 26.09
1057 8 97 2023-2-2 16:18:25 245.99 26.09
1058 8 98 2023-2-2 16:18:35 246.55 26.09
1059 8 99 2023-2-2 16:18:45 245.12 26.09
1060 8 100 2023-2-2 16:18:55 245.92 26.09
1061 8 101 2023-2-2 16:19:5 246.67 26.09
1062 8 102 2023-2-2 16:19:15 246.11 26.09
1063 8 103 2023-2-2 16:19:25 245.8 26.09
1064 8 104 2023-2-2 16:19:35 245.75 26.09
1065 8 105 2023-2-2 16:19:45 245.94 26.09
1066 8 106 2023-2-2 16:19:55 246.08 26.09
1067 8 107 2023-2-2 16:20:5 246.19 26.06
1068 8 108 2023-2-2 16:20:15 246.32 26.09
1069 8 109 2023-2-2 16:20:25 245.71 26.09
1070 8 110 2023-2-2 16:20:35 245.97 26.09
1071 8 111 2023-2-2 16:20:45 246.85 26.06
1072 8 112 2023-2-2 16:20:55 246.06 26.09
1073 8 113 2023-2-2 16:21:5 246.03 26.06
1074 8 114 2023-2-2 16:21:15 246.07 26.06
1075 8 115 2023-2-2 16:21:25 246.17 26.06
1076 8 116 2023-2-2 16:21:35 246.45 26.06
1077 8 117 2023-2-2 16:21:45 246.4 26.06
1078 8 118 2023-2-2 16:21:55 245.89 26.09
1079 8 119 2023-2-2 16:22:5 245.7 26.06
1080 8 120 2023-2-2 16:22:15 246.4 26.06
1081 9 1 2023-2-2 16:22:27 245.56 26.06
1082 9 2 2023-2-2 16:22:37 245.67 26.06
1083 9 3 2023-2-2 16:22:48 246.14 26.06
1084 9 4 2023-2-2 16:22:58 247.53 26.06
1085 9 5 2023-2-2 16:23:8 246.03 26.06
1086 9 6 2023-2-2 16:23:18 246.14 26.06
1087 9 7 2023-2-2 16:23:28 245.49 26.06
1088 9 8 2023-2-2 16:23:38 246.66 26.06
1089 9 9 2023-2-2 16:23:48 246.78 26.06
1090 9 10 2023-2-2 16:23:58 246.59 26.06
1091 9 11 2023-2-2 16:24:8 245.81 26.06
1092 9 12 2023-2-2 16:24:18 246.09 26.03
1093 9 13 2023-2-2 16:24:28 246.19 26.06
1094 9 14 2023-2-2 16:24:38 247.3 26.06
1095 9 15 2023-2-2 16:24:48 246.05 26.06
1096 9 16 2023-2-2 16:24:58 245.98 26.06
1097 9 17 2023-2-2 16:25:8 245.89 26.06
1098 9 18 2023-2-2 16:25:18 246.57 26.06
1099 9 19 2023-2-2 16:25:28 246.68 26.06
1100 9 20 2023-2-2 16:25:38 246.46 26.03
1101 9 21 2023-2-2 16:25:48 245.74 26.06
1102 9 22 2023-2-2 16:25:58 245.84 26.06
1103 9 23 2023-2-2 16:26:8 246.73 26.06
1104 9 24 2023-2-2 16:26:18 247.04 26.06
1105 9 25 2023-2-2 16:26:28 245.89 26.06
1106 9 26 2023-2-2 16:26:38 245.49 26.06
1107 9 27 2023-2-2 16:26:48 246.05 26.06
1108 9 28 2023-2-2 16:26:58 246.8 26.06
1109 9 29 2023-2-2 16:27:8 246.5 26.06
1110 9 30 2023-2-2 16:27:18 246.07 26.06
1111 9 31 2023-2-2 16:27:28 246.12 26.06
1112 9 32 2023-2-2 16:27:38 245.96 26.06
1113 9 33 2023-2-2 16:27:48 246.78 26.06
1114 9 34 2023-2-2 16:27:58 246.64 26.06
1115 9 35 2023-2-2 16:28:8 246.03 26.06
1116 9 36 2023-2-2 16:28:18 245.67 26.06
1117 9 37 2023-2-2 16:28:28 246.43 26.06
1118 9 38 2023-2-2 16:28:38 246.66 26.06
1119 9 39 2023-2-2 16:28:48 246.99 26.06
1120 9 40 2023-2-2 16:28:58 245.79 26.06
1121 9 41 2023-2-2 16:29:8 246.1 26.06
1122 9 42 2023-2-2 16:29:18 246.1 26.06
1123 9 43 2023-2-2 16:29:28 247.01 26.06
1124 9 44 2023-2-2 16:29:38 246.36 26.09
1125 9 45 2023-2-2 16:29:48 245.85 26.09
1126 9 46 2023-2-2 16:29:58 245.4 26.09
1127 9 47 2023-2-2 16:30:8 246.45 26.12
1128 9 48 2023-2-2 16:30:18 246.23 26.12
1129 9 49 2023-2-2 16:30:28 246.45 26.12
1130 9 50 2023-2-2 16:30:38 245.46 26.12
1131 9 51 2023-2-2 16:30:48 245.56 26.15
1132 9 52 2023-2-2 16:30:58 245.42 26.15
1133 9 53 2023-2-2 16:31:8 246.32 26.18
1134 9 54 2023-2-2 16:31:18 245.74 26.18
1135 9 55 2023-2-2 16:31:28 244.99 26.18
1136 9 56 2023-2-2 16:31:38 244.74 26.21
1137 9 57 2023-2-2 16:31:48 246.05 26.21
1138 9 58 2023-2-2 16:31:58 245.46 26.21
1139 9 59 2023-2-2 16:32:8 245.64 26.24
1140 9 60 2023-2-2 16:32:18 244.51 26.24
1141 9 61 2023-2-2 16:32:28 245.04 26.28
1142 9 62 2023-2-2 16:32:38 244.73 26.28
1143 9 63 2023-2-2 16:32:48 245.7 26.31
1144 9 64 2023-2-2 16:32:58 245.0 26.31
1145 9 65 2023-2-2 16:33:8 244.38 26.34
1146 9 66 2023-2-2 16:33:18 243.79 26.34
1147 9 67 2023-2-2 16:33:28 244.81 26.37
1148 9 68 2023-2-2 16:33:38 244.88 26.37
1149 9 69 2023-2-2 16:33:48 244.86 26.4
1150 9 70 2023-2-2 16:33:58 244.0 26.4
1151 9 71 2023-2-2 16:34:8 244.17 26.43
1152 9 72 2023-2-2 16:34:18 243.84 26.43
1153 9 73 2023-2-2 16:34:28 244.71 26.46
1154 9 74 2023-2-2 16:34:38 244.5 26.46
1155 9 75 2023-2-2 16:34:48 243.76 26.46
1156 9 76 2023-2-2 16:34:58 243.35 26.49
1157 9 77 2023-2-2 16:35:8 243.58 26.49
1158 9 78 2023-2-2 16:35:18 244.01 26.52
1159 9 79 2023-2-2 16:35:28 243.92 26.55
1160 9 80 2023-2-2 16:35:38 243.29 26.55
1161 9 81 2023-2-2 16:35:48 242.76 26.58
1162 9 82 2023-2-2 16:35:58 242.76 26.58
1163 9 83 2023-2-2 16:36:8 243.42 26.58
1164 9 84 2023-2-2 16:36:18 244.03 26.61
1165 9 85 2023-2-2 16:36:28 242.48 26.64
1166 9 86 2023-2-2 16:36:38 242.55 26.64
1167 9 87 2023-2-2 16:36:48 241.86 26.67
1168 9 88 2023-2-2 16:36:58 243.14 26.67
1169 9 89 2023-2-2 16:37:8 242.97 26.67
1170 9 90 2023-2-2 16:37:18 243.05 26.7
1171 9 91 2023-2-2 16:37:28 242.17 26.7
1172 9 92 2023-2-2 16:37:38 242.22 26.73
1173 9 93 2023-2-2 16:37:48 241.9 26.73
1174 9 94 2023-2-2 16:37:58 243.62 26.73
1175 9 95 2023-2-2 16:38:8 242.23 26.76
1176 9 96 2023-2-2 16:38:18 242.78 26.76
1177 9 97 2023-2-2 16:38:28 241.6 26.76
1178 9 98 2023-2-2 16:38:38 242.51 26.76
1179 9 99 2023-2-2 16:38:48 242.55 26.76
1180 9 100 2023-2-2 16:38:58 243.3 26.8
1181 9 101 2023-2-2 16:39:8 242.33 26.8
1182 9 102 2023-2-2 16:39:18 241.93 26.8
1183 9 103 2023-2-2 16:39:28 241.7 26.8
1184 9 104 2023-2-2 16:39:38 242.72 26.8
1185 9 105 2023-2-2 16:39:48 242.93 26.8
1186 9 106 2023-2-2 16:39:58 242.61 26.83
1187 9 107 2023-2-2 16:40:8 242.01 26.83
1188 9 108 2023-2-2 16:40:18 242.06 26.83
1189 9 109 2023-2-2 16:40:28 242.03 26.83
1190 9 110 2023-2-2 16:40:38 242.43 26.83
1191 9 111 2023-2-2 16:40:48 242.94 26.83
1192 9 112 2023-2-2 16:40:58 242.01 26.83
1193 9 113 2023-2-2 16:41:8 241.87 26.83
1194 9 114 2023-2-2 16:41:18 241.3 26.86
1195 9 115 2023-2-2 16:41:28 243.1 26.83
1196 9 116 2023-2-2 16:41:38 242.4 26.83
1197 9 117 2023-2-2 16:41:48 242.66 26.83
1198 9 118 2023-2-2 16:41:58 242.06 26.83
1199 9 119 2023-2-2 16:42:8 241.97 26.86
1200 9 120 2023-2-2 16:42:18 241.62 26.86
1201 10 1 2023-2-2 16:42:31 242.23 26.86
1202 10 2 2023-2-2 16:42:41 242.5 26.83
1203 10 3 2023-2-2 16:42:51 242.67 26.86
1204 10 4 2023-2-2 16:43:1 242.36 26.86
1205 10 5 2023-2-2 16:43:11 242.39 26.86
1206 10 6 2023-2-2 16:43:21 242.67 26.86
1207 10 7 2023-2-2 16:43:31 242.36 26.86
1208 10 8 2023-2-2 16:43:41 242.34 26.86
1209 10 9 2023-2-2 16:43:51 242.57 26.86
1210 10 10 2023-2-2 16:44:1 242.46 26.89
1211 10 11 2023-2-2 16:44:11 242.2 26.86
1212 10 12 2023-2-2 16:44:21 242.74 26.86
1213 10 13 2023-2-2 16:44:31 242.69 26.86
1214 10 14 2023-2-2 16:44:41 242.3 26.89
1215 10 15 2023-2-2 16:44:51 242.25 26.89
1216 10 16 2023-2-2 16:45:1 242.39 26.89
1217 10 17 2023-2-2 16:45:11 242.65 26.89
1218 10 18 2023-2-2 16:45:21 242.39 26.89
1219 10 19 2023-2-2 16:45:31 242.32 26.89
1220 10 20 2023-2-2 16:45:41 242.79 26.89
1221 10 21 2023-2-2 16:45:51 242.56 26.89
1222 10 22 2023-2-2 16:46:1 242.49 26.89
1223 10 23 2023-2-2 16:46:11 242.56 26.89
1224 10 24 2023-2-2 16:46:21 242.38 26.92
1225 10 25 2023-2-2 16:46:31 242.44 26.89
1226 10 26 2023-2-2 16:46:41 242.24 26.92
1227 10 27 2023-2-2 16:46:51 242.88 26.89
1228 10 28 2023-2-2 16:47:1 242.49 26.89
1229 10 29 2023-2-2 16:47:11 242.31 26.92
1230 10 30 2023-2-2 16:47:21 242.81 26.89
1231 10 31 2023-2-2 16:47:31 242.4 26.92
1232 10 32 2023-2-2 16:47:41 242.54 26.92
1233 10 33 2023-2-2 16:47:51 242.24 26.92
1234 10 34 2023-2-2 16:48:1 242.35 26.92
1235 10 35 2023-2-2 16:48:11 242.45 26.92
1236 10 36 2023-2-2 16:48:21 242.61 26.92
1237 10 37 2023-2-2 16:48:31 242.54 26.92
1238 10 38 2023-2-2 16:48:41 242.33 26.92
1239 10 39 2023-2-2 16:48:51 242.54 26.92
1240 10 40 2023-2-2 16:49:1 242.63 26.92
1241 10 41 2023-2-2 16:49:11 242.66 26.92
1242 10 42 2023-2-2 16:49:21 242.7 26.92
1243 10 43 2023-2-2 16:49:31 242.18 26.95
1244 10 44 2023-2-2 16:49:41 242.38 26.95
1245 10 45 2023-2-2 16:49:51 242.7 26.92
1246 10 46 2023-2-2 16:50:1 242.29 26.95
1247 10 47 2023-2-2 16:50:11 242.45 26.92
1248 10 48 2023-2-2 16:50:21 242.29 26.95
1249 10 49 2023-2-2 16:50:31 242.84 26.92
1250 10 50 2023-2-2 16:50:41 242.49 26.92
1251 10 51 2023-2-2 16:50:51 242.52 26.95
1252 10 52 2023-2-2 16:51:1 242.48 26.95
1253 10 53 2023-2-2 16:51:11 242.34 26.95
1254 10 54 2023-2-2 16:51:21 242.82 26.92
1255 10 55 2023-2-2 16:51:31 242.62 26.95
1256 10 56 2023-2-2 16:51:41 242.48 26.95
1257 10 57 2023-2-2 16:51:51 242.27 26.95
1258 10 58 2023-2-2 16:52:1 242.55 26.95
1259 10 59 2023-2-2 16:52:11 242.52 26.95
1260 10 60 2023-2-2 16:52:21 242.43 26.95
1261 10 61 2023-2-2 16:52:31 242.31 26.95
1262 10 62 2023-2-2 16:52:41 242.9 26.95
1263 10 63 2023-2-2 16:52:51 242.48 26.95
1264 10 64 2023-2-2 16:53:1 242.64 26.95
1265 10 65 2023-2-2 16:53:11 242.48 26.95
1266 10 66 2023-2-2 16:53:21 242.73 26.92
1267 10 67 2023-2-2 16:53:31 242.75 26.92
1268 10 68 2023-2-2 16:53:41 242.36 26.95
1269 10 69 2023-2-2 16:53:51 242.7 26.92
1270 10 70 2023-2-2 16:54:1 242.55 26.95
1271 10 71 2023-2-2 16:54:11 243.15 26.92
1272 10 72 2023-2-2 16:54:21 242.76 26.95
1273 10 73 2023-2-2 16:54:31 242.34 26.95
1274 10 74 2023-2-2 16:54:41 242.8 26.92
1275 10 75 2023-2-2 16:54:51 242.82 26.92
1276 10 76 2023-2-2 16:55:1 242.98 26.92
1277 10 77 2023-2-2 16:55:11 243.29 26.92
1278 10 78 2023-2-2 16:55:21 242.55 26.95
1279 10 79 2023-2-2 16:55:31 242.94 26.92
1280 10 80 2023-2-2 16:55:41 242.68 26.92
1281 10 81 2023-2-2 16:55:51 242.5 26.95
1282 10 82 2023-2-2 16:56:1 242.64 26.95
1283 10 83 2023-2-2 16:56:11 242.87 26.95
1284 10 84 2023-2-2 16:56:21 242.73 26.95
1285 10 85 2023-2-2 16:56:31 242.62 26.95
1286 10 86 2023-2-2 16:56:41 242.71 26.95
1287 10 87 2023-2-2 16:56:51 242.55 26.95
1288 10 88 2023-2-2 16:57:1 242.52 26.95
1289 10 89 2023-2-2 16:57:11 242.69 26.95
1290 10 90 2023-2-2 16:57:22 242.34 26.98
1291 10 91 2023-2-2 16:57:32 242.48 26.98
1292 10 92 2023-2-2 16:57:42 242.27 26.98
1293 10 93 2023-2-2 16:57:52 242.6 26.98
1294 10 94 2023-2-2 16:58:1 242.58 26.98
1295 10 95 2023-2-2 16:58:12 242.32 26.98
1296 10 96 2023-2-2 16:58:22 242.6 26.98
1297 10 97 2023-2-2 16:58:32 242.53 26.98
1298 10 98 2023-2-2 16:58:42 242.51 26.98
1299 10 99 2023-2-2 16:58:52 242.48 26.98
1300 10 100 2023-2-2 16:59:2 242.47 27.01
1301 10 101 2023-2-2 16:59:12 242.65 26.98
1302 10 102 2023-2-2 16:59:22 242.51 26.98
1303 10 103 2023-2-2 16:59:32 242.37 26.98
1304 10 104 2023-2-2 16:59:42 242.67 26.98
1305 10 105 2023-2-2 16:59:52 242.62 26.98
1306 10 106 2023-2-2 17:0:2 242.51 26.98
1307 10 107 2023-2-2 17:0:12 242.51 27.01
1308 10 108 2023-2-2 17:0:22 242.65 26.98
1309 10 109 2023-2-2 17:0:32 242.81 26.98
1310 10 110 2023-2-2 17:0:42 242.23 26.98
1311 10 111 2023-2-2 17:0:52 242.16 27.01
1312 10 112 2023-2-2 17:1:2 242.47 27.01
1313 10 113 2023-2-2 17:1:12 242.14 27.01
1314 10 114 2023-2-2 17:1:22 242.33 27.01
1315 10 115 2023-2-2 17:1:32 242.51 27.01
1316 10 116 2023-2-2 17:1:42 242.14 27.01
1317 10 117 2023-2-2 17:1:52 242.37 27.01
1318 10 118 2023-2-2 17:2:2 242.35 27.01
1319 10 119 2023-2-2 17:2:12 242.28 27.01
1320 10 120 2023-2-2 17:2:22 242.37 27.01
1321 X 1 2023-2-2 17:2:32 242.12 27.01
1322 X 2 2023-2-2 17:2:42 242.62 26.98
1323 X 3 2023-2-2 17:2:52 242.81 26.98
1324 X 4 2023-2-2 17:3:2 242.52 26.95
1325 X 5 2023-2-2 17:3:12 242.53 26.98

